global cost:
avg = [9.059363098570214, 5.592667496695337, 3.3274230511887377, 2.4154980355033007, 1.9895582674871555, 1.7761303936529356, 1.6245538642137904, 1.5060017387484657, 1.4142135623730951, 1.284322598135871, 1.218415398160343, 1.1487330537883809, 1.0935612871073088, 1.0254493608913984, 0.9738858291644984, 0.9081532183729996, 0.8851582653058012, 0.8613055522668267, 0.8246160223174, 0.8246160223173997, 0.8120178739175262, 0.7992211651730131, 0.7924135340342704, 0.7792949712526386, 0.7659517579577841, 0.765951757957784, 0.7523719418064372, 0.7385424714371938, 0.7385424714371936, 0.7244490495649278, 0.7244490495649277, 0.7244490495649277, 0.7244490495649277, 0.7244490495649277, 0.7244490495649277, 0.7244490495649277, 0.7244490495649277, 0.7244490495649277, 0.7244490495649277, 0.7244490495649277, 0.7244490495649277, 0.7244490495649277, 0.7244490495649277, 0.7244490495649276, 0.7100759598201424, 0.7100759598201423, 0.7100759598201423, 0.7100759598201422, 0.7031533075747369, 0.6883356864584762]
std = [0.0, 0.0, 0.0, 0.0, 0.0, 0.0, 0.0, 0.0, 0.0, 0.0, 0.0, 0.0, 0.0, 0.0, 0.0, 0.0, 0.0, 0.0, 0.0, 0.0, 0.0, 0.0, 0.0, 0.0, 0.0, 0.0, 0.0, 0.0, 0.0, 0.0, 0.0, 0.0, 0.0, 0.0, 0.0, 0.0, 0.0, 0.0, 0.0, 0.0, 0.0, 0.0, 0.0, 0.0, 0.0, 0.0, 0.0, 0.0, 0.0, 0.0]
