local cost:
avg = [0.006029953349999947, 0.005391705689999972, 0.0051774202799999775, 0.0049032264299999915, 0.004831797759999992, 0.004661291129999996, 0.0044907842299999985, 0.004486175889999997, 0.004541475360000003, 0.004509217300000003, 0.004481567560000004, 0.004486175850000004, 0.004495392460000005, 0.004488480010000006, 0.004481567600000006, 0.004481567610000005, 0.004532258800000005, 0.004536867110000005, 0.004566821000000005, 0.004569125140000004, 0.004564516840000004, 0.004605991450000001, 0.004605991450000001, 0.004629032959999999, 0.004658986819999999, 0.0046543785299999986, 0.0046543785299999986, 0.0046543785299999986, 0.004672811689999998, 0.0046797240999999976, 0.0046912447899999975, 0.0046912447899999975, 0.0046912447899999975, 0.0046912447899999975, 0.004688940649999997, 0.004688940649999997, 0.004688940649999997, 0.004688940649999997, 0.004688940649999997, 0.004688940649999997, 0.004679724099999997, 0.004679724099999997, 0.004576037509999996, 0.004576037509999996, 0.004587558209999998, 0.004594470619999997, 0.004594470619999997, 0.004585254069999997, 0.004585254069999997, 0.004585254069999997]
std = [0.0, 0.0, 0.0, 0.0, 0.0, 0.0, 0.0, 0.0, 0.0, 0.0, 0.0, 0.0, 0.0, 0.0, 0.0, 0.0, 0.0, 0.0, 0.0, 0.0, 0.0, 0.0, 0.0, 0.0, 0.0, 0.0, 0.0, 0.0, 0.0, 0.0, 0.0, 0.0, 0.0, 0.0, 0.0, 0.0, 0.0, 0.0, 0.0, 0.0, 0.0, 0.0, 0.0, 0.0, 0.0, 0.0, 0.0, 0.0, 0.0, 0.0]
