local cost:
avg = [0.006029953349999947, 0.005391705689999972, 0.005149770439999978, 0.00478110659999999, 0.004785714879999987, 0.004815668899999985, 0.004804148159999986, 0.004875576719999985, 0.004910138899999986, 0.004903226419999986, 0.004822581209999988, 0.0049470056099999845, 0.004960830439999984, 0.005076037819999984, 0.0050783419199999826, 0.005082950209999984, 0.0050806460699999835, 0.005145162179999985, 0.005140553899999985, 0.0049930887499999846, 0.004956222409999985, 0.0049654389899999865, 0.004870968979999986, 0.004875577269999987, 0.004877881379999987, 0.004880185529999987, 0.004905531199999987, 0.004905531199999987, 0.004905531199999987, 0.004905531199999987, 0.004905531199999987, 0.004903227059999986, 0.004910139469999987, 0.004910139469999987, 0.004910139469999987, 0.004910139469999987, 0.004940093419999987, 0.004940093419999987, 0.004949309999999987, 0.0049423975899999875, 0.0049423975899999875, 0.004949310019999987, 0.004949310019999987, 0.0049423975799999876, 0.0049423975799999876, 0.0049423975799999876, 0.004947005869999987, 0.004947005869999987, 0.004947005869999987, 0.004947005869999987]
std = [0.0, 0.0, 0.0, 0.0, 0.0, 0.0, 0.0, 0.0, 0.0, 0.0, 0.0, 0.0, 0.0, 0.0, 0.0, 0.0, 0.0, 0.0, 0.0, 0.0, 0.0, 0.0, 0.0, 0.0, 0.0, 0.0, 0.0, 0.0, 0.0, 0.0, 0.0, 0.0, 0.0, 0.0, 0.0, 0.0, 0.0, 0.0, 0.0, 0.0, 0.0, 0.0, 0.0, 0.0, 0.0, 0.0, 0.0, 0.0, 0.0, 0.0]
