global cost:
avg = [9.059363098570214, 5.572353686269488, 3.249042973562583, 2.297374529455846, 2.0407174392200407, 1.7290722141222108, 1.546529203513334, 1.3622298275594995, 1.280261715827704, 1.1531659509795773, 1.0982169049383856, 1.0696843927950683, 1.0102046129290685, 0.9791106627343388, 0.9469963145530098, 0.8909036066106301, 0.8674515103853162, 0.8433475022004301, 0.8246160223173999, 0.8120178739175262, 0.8120178739175262, 0.8120178739175262, 0.8120178739175262, 0.8120178739175262, 0.8120178739175262, 0.8120178739175262, 0.8120178739175262, 0.8120178739175262, 0.8120178739175262, 0.8120178739175262, 0.8120178739175262, 0.7992211651730131, 0.7992211651730131, 0.7992211651730131, 0.7992211651730131, 0.7992211651730131, 0.7992211651730131, 0.7992211651730131, 0.7992211651730131, 0.7992211651730131, 0.7992211651730131, 0.799221165173013, 0.7862162006467925, 0.7729924692119883, 0.7729924692119883, 0.759538544616016, 0.759538544616016, 0.759538544616016, 0.759538544616016, 0.759538544616016]
std = [0.0, 0.0, 0.0, 0.0, 0.0, 0.0, 0.0, 0.0, 0.0, 0.0, 0.0, 0.0, 0.0, 0.0, 0.0, 0.0, 0.0, 0.0, 0.0, 0.0, 0.0, 0.0, 0.0, 0.0, 0.0, 0.0, 0.0, 0.0, 0.0, 0.0, 0.0, 0.0, 0.0, 0.0, 0.0, 0.0, 0.0, 0.0, 0.0, 0.0, 0.0, 0.0, 0.0, 0.0, 0.0, 0.0, 0.0, 0.0, 0.0, 0.0]
