local cost:
avg = [0.006029953349999947, 0.005375576679999973, 0.005138249729999978, 0.00469124482999999, 0.00467741989999999, 0.004647465989999988, 0.004527650299999996, 0.004536866879999996, 0.0045944704799999935, 0.004523041929999999, 0.004543779259999998, 0.004525346089999999, 0.0044884797, 0.00447695898, 0.004479263159999998, 0.004456221690000002, 0.004437788480000004, 0.004437788480000004, 0.004297235780000003, 0.004294931640000003, 0.004294931640000003, 0.004294931640000003, 0.0042880192000000015, 0.0042880192000000015, 0.0042880192000000015, 0.0042880192000000015, 0.0042880192000000015, 0.0042880192000000015, 0.004294931640000003, 0.004294931640000003, 0.0042926274900000035, 0.0042834109400000046, 0.0042834109400000046, 0.0042834109400000046, 0.0042834109400000046, 0.0042834109400000046, 0.0042834109400000046, 0.0042834109400000046, 0.0042834109400000046, 0.0042834109400000046, 0.0042834109400000046, 0.004281106790000005, 0.004288019230000006, 0.004281106790000005, 0.004281106790000005, 0.004278802680000005, 0.004278802680000005, 0.004278802680000005, 0.004278802680000005, 0.004278802680000005]
std = [0.0, 0.0, 0.0, 0.0, 0.0, 0.0, 0.0, 0.0, 0.0, 0.0, 0.0, 0.0, 0.0, 0.0, 0.0, 0.0, 0.0, 0.0, 0.0, 0.0, 0.0, 0.0, 0.0, 0.0, 0.0, 0.0, 0.0, 0.0, 0.0, 0.0, 0.0, 0.0, 0.0, 0.0, 0.0, 0.0, 0.0, 0.0, 0.0, 0.0, 0.0, 0.0, 0.0, 0.0, 0.0, 0.0, 0.0, 0.0, 0.0, 0.0]
