global cost:
avg = [9.059363098570214, 5.570503302950292, 3.2075284888747273, 2.2290471906348253, 1.9370484074271817, 1.692796087711645, 1.5330018516120838, 1.3809820049977115, 1.2309990742514436, 1.1441910477702584, 1.079279044960285, 1.02035871961002, 0.9791106627343384, 0.9469963145530097, 0.9137539875009522, 0.8674515103853163, 0.8058407655142621, 0.805840765514262, 0.779834742726015, 0.7529310144764182, 0.739112004948815, 0.739112004948815, 0.739112004948815, 0.739112004948815, 0.7391120049488149, 0.7391120049488149, 0.7391120049488149, 0.7391120049488149, 0.7391120049488149, 0.7391120049488149, 0.7391120049488149, 0.7391120049488149, 0.7391120049488149, 0.7391120049488149, 0.7391120049488149, 0.7391120049488149, 0.7391120049488149, 0.7391120049488149, 0.7391120049488149, 0.7391120049488149, 0.7391120049488149, 0.7391120049488149, 0.7391120049488149, 0.7391120049488149, 0.7391120049488149, 0.7391120049488149, 0.7391120049488149, 0.7391120049488149, 0.7391120049488149, 0.7391120049488149]
std = [0.0, 0.0, 0.0, 0.0, 0.0, 0.0, 0.0, 0.0, 0.0, 0.0, 0.0, 0.0, 0.0, 0.0, 0.0, 0.0, 0.0, 0.0, 0.0, 0.0, 0.0, 0.0, 0.0, 0.0, 0.0, 0.0, 0.0, 0.0, 0.0, 0.0, 0.0, 0.0, 0.0, 0.0, 0.0, 0.0, 0.0, 0.0, 0.0, 0.0, 0.0, 0.0, 0.0, 0.0, 0.0, 0.0, 0.0, 0.0, 0.0, 0.0]
