local cost:
avg = [0.006029953349999947, 0.005398618149999971, 0.005193549279999979, 0.004949309369999987, 0.004857143419999993, 0.004813364619999993, 0.004850230949999993, 0.004801843769999992, 0.004836406059999992, 0.004838710249999992, 0.00485714347999999, 0.004767281749999988, 0.004629033189999989, 0.004626729049999988, 0.004626729049999988, 0.004635945629999989, 0.00467050776999999, 0.004672811969999989, 0.00467511611999999, 0.00467742025999999, 0.004679724409999989, 0.004679724409999989, 0.004645162179999988, 0.004645162179999988, 0.00464977045999999, 0.00464977045999999, 0.00464977045999999, 0.00464977045999999, 0.00464977045999999, 0.00464977045999999, 0.004610599949999989, 0.004737328509999989, 0.00483410265999999, 0.00483410265999999, 0.00483410265999999, 0.004737328509999989, 0.004610599949999989, 0.004610599949999989, 0.004610599949999989, 0.004610599949999989, 0.0046152082399999895, 0.0046152082399999895, 0.0046152082399999895, 0.0046152082399999895, 0.0046152082399999895, 0.0046152082399999895, 0.0046152082399999895, 0.0046152082399999895, 0.0046152082399999895, 0.0046152082399999895]
std = [0.0, 0.0, 0.0, 0.0, 0.0, 0.0, 0.0, 0.0, 0.0, 0.0, 0.0, 0.0, 0.0, 0.0, 0.0, 0.0, 0.0, 0.0, 0.0, 0.0, 0.0, 0.0, 0.0, 0.0, 0.0, 0.0, 0.0, 0.0, 0.0, 0.0, 0.0, 0.0, 0.0, 0.0, 0.0, 0.0, 0.0, 0.0, 0.0, 0.0, 0.0, 0.0, 0.0, 0.0, 0.0, 0.0, 0.0, 0.0, 0.0, 0.0]
