global cost:
avg = [9.059363098570214, 5.559388069560708, 3.264869526881825, 2.389753003829919, 2.04071743922004, 1.7990810474212682, 1.6370679840075586, 1.4642093805312706, 1.3771297795136799, 1.2921618729524782, 1.2433708078066938, 1.1796810503698558, 1.0982169049383859, 1.0102046129290685, 0.9249675163890467, 0.8433475022004301, 0.8185339920037791, 0.818533992003779, 0.8058407655142618, 0.7665009258060416, 0.7665009258060413, 0.7529310144764179, 0.7391120049488148, 0.7391120049488148, 0.7391120049488148, 0.7391120049488148, 0.7391120049488148, 0.7391120049488147, 0.7391120049488147, 0.7391120049488147, 0.7391120049488147, 0.7391120049488147, 0.7391120049488147, 0.7391120049488147, 0.7391120049488147, 0.7391120049488147, 0.7391120049488147, 0.7391120049488147, 0.7250296539855635, 0.7250296539855635, 0.7250296539855635, 0.7250296539855635, 0.7250296539855635, 0.7250296539855635, 0.7250296539855635, 0.7250296539855635, 0.7106683069177878, 0.6960106937083397, 0.6960106937083397, 0.6960106937083397]
std = [0.0, 0.0, 0.0, 0.0, 0.0, 0.0, 0.0, 0.0, 0.0, 0.0, 0.0, 0.0, 0.0, 0.0, 0.0, 0.0, 0.0, 0.0, 0.0, 0.0, 0.0, 0.0, 0.0, 0.0, 0.0, 0.0, 0.0, 0.0, 0.0, 0.0, 0.0, 0.0, 0.0, 0.0, 0.0, 0.0, 0.0, 0.0, 0.0, 0.0, 0.0, 0.0, 0.0, 0.0, 0.0, 0.0, 0.0, 0.0, 0.0, 0.0]
