local cost:
avg = [0.006029953349999947, 0.005391705689999972, 0.0051428580199999775, 0.004845622819999985, 0.00476267346999999, 0.004718894679999993, 0.004764977519999989, 0.00476497749999999, 0.004751152679999988, 0.004801843879999987, 0.004799539739999987, 0.004790323149999987, 0.004783410709999988, 0.004873272429999988, 0.00484792678999999, 0.004769585729999996, 0.004776498169999996, 0.004776498169999996, 0.004774194029999997, 0.0047281111799999985, 0.004725807029999998, 0.00476728164, 0.0047649775, 0.0047649775, 0.0047649775, 0.0047649775, 0.0047718899, 0.00476267335, 0.00476267335, 0.00476267335, 0.00476267335, 0.00476267335, 0.00476267335, 0.00476267335, 0.00476267335, 0.00476267335, 0.00476267335, 0.00476267335, 0.004769585790000001, 0.004769585790000001, 0.004769585790000001, 0.00476267335, 0.00476267335, 0.00476267335, 0.004755760909999999, 0.004755760909999999, 0.0047603692, 0.004762673339999999, 0.004762673339999999, 0.004762673339999999]
std = [0.0, 0.0, 0.0, 0.0, 0.0, 0.0, 0.0, 0.0, 0.0, 0.0, 0.0, 0.0, 0.0, 0.0, 0.0, 0.0, 0.0, 0.0, 0.0, 0.0, 0.0, 0.0, 0.0, 0.0, 0.0, 0.0, 0.0, 0.0, 0.0, 0.0, 0.0, 0.0, 0.0, 0.0, 0.0, 0.0, 0.0, 0.0, 0.0, 0.0, 0.0, 0.0, 0.0, 0.0, 0.0, 0.0, 0.0, 0.0, 0.0, 0.0]
