global cost:
avg = [9.059363098570214, 5.581596401423727, 3.2617103597438746, 2.3811094695355894, 2.0076908722046043, 1.7615298994871738, 1.6403098648629393, 1.4818134470782522, 1.331456003560467, 1.2516347400127965, 1.2182427080031206, 1.1574909929220012, 1.0933688772725991, 1.03525077231662, 1.0049320830180841, 0.9522582149679312, 0.907921517076111, 0.8731928830829384, 0.8731928830829383, 0.8246160223173999, 0.8246160223173999, 0.8246160223173999, 0.8120178739175263, 0.7992211651730131, 0.7862162006467927, 0.7862162006467927, 0.7862162006467927, 0.7862162006467927, 0.7862162006467927, 0.7862162006467927, 0.7862162006467927, 0.7862162006467927, 0.7729924692119885, 0.7595385446160161, 0.7318891223097624, 0.7318891223097624, 0.7318891223097624, 0.7318891223097624, 0.717665054642013, 0.717665054642013, 0.717665054642013, 0.717665054642013, 0.717665054642013, 0.7176650546420129, 0.7176650546420129, 0.7031533075747369, 0.7031533075747369, 0.7031533075747369, 0.7031533075747369, 0.7031533075747369]
std = [0.0, 0.0, 0.0, 0.0, 0.0, 0.0, 0.0, 0.0, 0.0, 0.0, 0.0, 0.0, 0.0, 0.0, 0.0, 0.0, 0.0, 0.0, 0.0, 0.0, 0.0, 0.0, 0.0, 0.0, 0.0, 0.0, 0.0, 0.0, 0.0, 0.0, 0.0, 0.0, 0.0, 0.0, 0.0, 0.0, 0.0, 0.0, 0.0, 0.0, 0.0, 0.0, 0.0, 0.0, 0.0, 0.0, 0.0, 0.0, 0.0, 0.0]
