local cost:
avg = [0.006029953349999947, 0.005391705689999972, 0.005140553859999978, 0.0047741941599999905, 0.004735023589999992, 0.004852535139999985, 0.004741936019999988, 0.00472350283999999, 0.004684332309999994, 0.0046751156599999935, 0.004663594929999993, 0.004695852999999989, 0.00469815713999999, 0.0046820281399999894, 0.004612903699999997, 0.0046267285699999995, 0.004711981969999999, 0.00472350272, 0.004709677829999998, 0.004670507299999999, 0.004670507299999999, 0.004670507299999999, 0.004640553350000001, 0.004640553350000001, 0.004640553350000001, 0.004640553350000001, 0.004640553350000001, 0.00464746576, 0.00464746576, 0.00464746576, 0.00464746576, 0.004652074050000001, 0.004748848200000001, 0.00469815698, 0.00469354869, 0.004700461130000001, 0.004705069440000001, 0.004705069440000001, 0.004695852890000001, 0.004691244580000001, 0.004642857530000001, 0.004642857530000001, 0.0046359450899999995, 0.004631336839999999, 0.004631336839999999, 0.0046543783499999975, 0.0046543783499999975, 0.0046543783499999975, 0.0046543783499999975, 0.0046543783499999975]
std = [0.0, 0.0, 0.0, 0.0, 0.0, 0.0, 0.0, 0.0, 0.0, 0.0, 0.0, 0.0, 0.0, 0.0, 0.0, 0.0, 0.0, 0.0, 0.0, 0.0, 0.0, 0.0, 0.0, 0.0, 0.0, 0.0, 0.0, 0.0, 0.0, 0.0, 0.0, 0.0, 0.0, 0.0, 0.0, 0.0, 0.0, 0.0, 0.0, 0.0, 0.0, 0.0, 0.0, 0.0, 0.0, 0.0, 0.0, 0.0, 0.0, 0.0]
