local cost:
avg = [0.006029953349999947, 0.005391705689999972, 0.005142858019999978, 0.0047741941799999904, 0.004785714879999987, 0.004815668899999985, 0.004804148159999986, 0.004875576719999985, 0.004910138899999986, 0.004903226419999986, 0.004822581209999988, 0.0049470056099999845, 0.004960830439999984, 0.005076037819999984, 0.0050783419199999826, 0.005082950209999984, 0.0050806460699999835, 0.005145162179999985, 0.005140553899999985, 0.0049930887499999846, 0.004963134849999985, 0.004970047259999984, 0.004963134819999984, 0.004963134819999984, 0.004928572599999986, 0.004928572599999986, 0.004970047199999986, 0.004967743049999987, 0.004921660089999986, 0.004921660089999986, 0.004921660089999986, 0.004921660089999986, 0.004921660089999986, 0.004919355939999987, 0.004919355939999987, 0.004919355939999987, 0.004919355939999987, 0.004919355939999987, 0.004919355939999987, 0.004822581789999986, 0.004822581789999986, 0.004822581789999986, 0.004829494229999986, 0.004829494229999986, 0.004829494229999986, 0.004829494229999986, 0.004799540339999986, 0.004799540339999986, 0.004799540339999986, 0.004799540339999986]
std = [0.0, 0.0, 0.0, 0.0, 0.0, 0.0, 0.0, 0.0, 0.0, 0.0, 0.0, 0.0, 0.0, 0.0, 0.0, 0.0, 0.0, 0.0, 0.0, 0.0, 0.0, 0.0, 0.0, 0.0, 0.0, 0.0, 0.0, 0.0, 0.0, 0.0, 0.0, 0.0, 0.0, 0.0, 0.0, 0.0, 0.0, 0.0, 0.0, 0.0, 0.0, 0.0, 0.0, 0.0, 0.0, 0.0, 0.0, 0.0, 0.0, 0.0]
