global cost:
avg = [9.059363098570214, 5.546392143643173, 3.2203591777544185, 2.436744455831481, 1.9476636378282162, 1.6558524252981197, 1.4921070125295608, 1.346852702718182, 1.2516347400127965, 1.1663635605575957, 1.102757479452928, 1.0049320830180841, 0.9522582149679313, 0.907921517076111, 0.8731928830829384, 0.8310333644124485, 0.818533992003779, 0.805840765514262, 0.805840765514262, 0.8058407655142619, 0.8058407655142619, 0.8058407655142618, 0.7798347427260147, 0.7665009258060415, 0.7665009258060415, 0.752931014476418, 0.7529310144764179, 0.7529310144764179, 0.7529310144764179, 0.7529310144764179, 0.7529310144764179, 0.7529310144764179, 0.7529310144764179, 0.7529310144764177, 0.7250296539855635, 0.7250296539855634, 0.7250296539855634, 0.7250296539855634, 0.7250296539855634, 0.7250296539855634, 0.7250296539855634, 0.7250296539855634, 0.7250296539855634, 0.7250296539855634, 0.7250296539855634, 0.7250296539855634, 0.7250296539855634, 0.7250296539855634, 0.7250296539855634, 0.7250296539855634]
std = [0.0, 0.0, 0.0, 0.0, 0.0, 0.0, 0.0, 0.0, 0.0, 0.0, 0.0, 0.0, 0.0, 0.0, 0.0, 0.0, 0.0, 0.0, 0.0, 0.0, 0.0, 0.0, 0.0, 0.0, 0.0, 0.0, 0.0, 0.0, 0.0, 0.0, 0.0, 0.0, 0.0, 0.0, 0.0, 0.0, 0.0, 0.0, 0.0, 0.0, 0.0, 0.0, 0.0, 0.0, 0.0, 0.0, 0.0, 0.0, 0.0, 0.0]
