local cost:
avg = [0.006029953349999947, 0.0054032263999999695, 0.005129033129999977, 0.004847926869999984, 0.004668203589999986, 0.0047004616199999875, 0.004647466169999988, 0.004661291149999988, 0.00463824961999999, 0.00461981637999999, 0.004573733409999994, 0.004576037549999992, 0.004562212679999992, 0.004562212679999992, 0.004557604389999992, 0.004513825639999994, 0.004513825639999994, 0.0045737334499999895, 0.0045737334499999895, 0.004599079089999987, 0.004599079089999987, 0.004596774949999988, 0.004594470809999988, 0.004589862519999989, 0.004589862519999989, 0.004594470809999988, 0.004599079089999988, 0.004599079089999988, 0.004599079089999988, 0.004599079089999988, 0.004599079089999988, 0.004599079089999988, 0.004599079089999988, 0.00459447079999999, 0.004599079089999988, 0.004599079089999988, 0.004599079089999988, 0.004599079089999988, 0.004599079089999988, 0.004599079089999988, 0.004599079089999988, 0.004596774949999988, 0.004596774949999988, 0.004596774949999988, 0.004596774949999988, 0.004596774949999988, 0.004596774949999988, 0.004596774949999988, 0.004596774949999988, 0.004596774949999988]
std = [0.0, 0.0, 0.0, 0.0, 0.0, 0.0, 0.0, 0.0, 0.0, 0.0, 0.0, 0.0, 0.0, 0.0, 0.0, 0.0, 0.0, 0.0, 0.0, 0.0, 0.0, 0.0, 0.0, 0.0, 0.0, 0.0, 0.0, 0.0, 0.0, 0.0, 0.0, 0.0, 0.0, 0.0, 0.0, 0.0, 0.0, 0.0, 0.0, 0.0, 0.0, 0.0, 0.0, 0.0, 0.0, 0.0, 0.0, 0.0, 0.0, 0.0]
