global cost:
avg = [9.059363098570214, 5.568652304775284, 3.2743287400114, 2.47452834967287, 2.083290903558394, 1.8191132877854534, 1.6590576008293887, 1.5025401033067387, 1.4031988341751827, 1.3199101653215843, 1.2393455036869028, 1.1796810503698556, 1.1260266606060179, 1.0696843927950683, 1.0203587196100201, 0.9895838754653933, 0.9578207433951377, 0.9024011264248617, 0.8433475022004302, 0.818533992003779, 0.8058407655142618, 0.7929443755167072, 0.7665009258060415, 0.7391120049488148, 0.7391120049488147, 0.7391120049488147, 0.7391120049488147, 0.7391120049488147, 0.7391120049488147, 0.7391120049488147, 0.7391120049488147, 0.7391120049488147, 0.7391120049488147, 0.7391120049488147, 0.7391120049488147, 0.7391120049488147, 0.7391120049488147, 0.7391120049488147, 0.7391120049488147, 0.7391120049488147, 0.7391120049488147, 0.7391120049488147, 0.7391120049488147, 0.7250296539855636, 0.7250296539855635, 0.7250296539855635, 0.7106683069177879, 0.7106683069177879, 0.7106683069177878, 0.703153307574737]
std = [0.0, 0.0, 0.0, 0.0, 0.0, 0.0, 0.0, 0.0, 0.0, 0.0, 0.0, 0.0, 0.0, 0.0, 0.0, 0.0, 0.0, 0.0, 0.0, 0.0, 0.0, 0.0, 0.0, 0.0, 0.0, 0.0, 0.0, 0.0, 0.0, 0.0, 0.0, 0.0, 0.0, 0.0, 0.0, 0.0, 0.0, 0.0, 0.0, 0.0, 0.0, 0.0, 0.0, 0.0, 0.0, 0.0, 0.0, 0.0, 0.0, 0.0]
