local cost:
avg = [0.006029953349999947, 0.005407834749999969, 0.005154378779999977, 0.005076037149999977, 0.004981566999999984, 0.004785714869999991, 0.004822581149999993, 0.004764977409999992, 0.004764977369999992, 0.004769585649999992, 0.004769585649999992, 0.0047880187999999905, 0.004774193949999992, 0.0048271893399999925, 0.004829493499999991, 0.004822581069999992, 0.004804147929999992, 0.004799539649999992, 0.004755760839999995, 0.004748848399999997, 0.004739631819999995, 0.004739631819999995, 0.004711982089999998, 0.004721198659999997, 0.004808756269999997, 0.004808756269999997, 0.004721198659999997, 0.004721198659999997, 0.004721198659999997, 0.004721198659999997, 0.004721198659999997, 0.004721198659999997, 0.004721198659999997, 0.004721198659999997, 0.004721198659999997, 0.004716590369999997, 0.004716590369999997, 0.004716590369999997, 0.004721198659999997, 0.004721198659999997, 0.004721198659999997, 0.004721198659999997, 0.004705069599999997, 0.00466129085, 0.00466359499, 0.0046589867, 0.0046589867, 0.0046589867, 0.004682028149999997, 0.004693548839999997]
std = [0.0, 0.0, 0.0, 0.0, 0.0, 0.0, 0.0, 0.0, 0.0, 0.0, 0.0, 0.0, 0.0, 0.0, 0.0, 0.0, 0.0, 0.0, 0.0, 0.0, 0.0, 0.0, 0.0, 0.0, 0.0, 0.0, 0.0, 0.0, 0.0, 0.0, 0.0, 0.0, 0.0, 0.0, 0.0, 0.0, 0.0, 0.0, 0.0, 0.0, 0.0, 0.0, 0.0, 0.0, 0.0, 0.0, 0.0, 0.0, 0.0, 0.0]
