global cost:
avg = [9.059363098570214, 5.581596401423727, 3.2426907238671916, 2.350606817186754, 2.043318999872732, 1.8499350327780932, 1.7289505298816499, 1.572833753850757, 1.4782240098976305, 1.384595603894663, 1.2841587710291218, 1.1839092316553042, 1.093368877272599, 1.0252441684209312, 0.9842008829893436, 0.9413698270461403, 0.9079215170761111, 0.8849205431945432, 0.8731928830829385, 0.8613055522668267, 0.8310333644124485, 0.8310333644124485, 0.8310333644124485, 0.8310333644124485, 0.8310333644124485, 0.8310333644124485, 0.8310333644124485, 0.8310333644124485, 0.8310333644124485, 0.8310333644124485, 0.8310333644124485, 0.8310333644124485, 0.8310333644124485, 0.8310333644124485, 0.8185339920037789, 0.8185339920037789, 0.8058407655142618, 0.792944375516707, 0.792944375516707, 0.7798347427260148, 0.7665009258060416, 0.7391120049488149, 0.7250296539855636, 0.7250296539855635, 0.7250296539855635, 0.7250296539855635, 0.7250296539855635, 0.7250296539855635, 0.7250296539855635, 0.7250296539855635]
std = [0.0, 0.0, 0.0, 0.0, 0.0, 0.0, 0.0, 0.0, 0.0, 0.0, 0.0, 0.0, 0.0, 0.0, 0.0, 0.0, 0.0, 0.0, 0.0, 0.0, 0.0, 0.0, 0.0, 0.0, 0.0, 0.0, 0.0, 0.0, 0.0, 0.0, 0.0, 0.0, 0.0, 0.0, 0.0, 0.0, 0.0, 0.0, 0.0, 0.0, 0.0, 0.0, 0.0, 0.0, 0.0, 0.0, 0.0, 0.0, 0.0, 0.0]
