local cost:
avg = [0.006029953349999947, 0.0053824891099999725, 0.005138249719999978, 0.004771890019999991, 0.0047396318899999915, 0.004785714819999993, 0.0048156687299999905, 0.0048156686799999925, 0.004836405979999991, 0.004852535009999991, 0.004852535029999991, 0.0048732723399999905, 0.004960829949999983, 0.004870968149999989, 0.004857143299999989, 0.00485944742999999, 0.004852534989999989, 0.004854839139999989, 0.004852534939999988, 0.004850230799999988, 0.004866359839999989, 0.004854839089999988, 0.004866359839999989, 0.004866359839999989, 0.004854839089999988, 0.004854839089999988, 0.004866359839999989, 0.004866359839999989, 0.004866359839999989, 0.004866359839999989, 0.004866359839999989, 0.004866359839999989, 0.004866359839999989, 0.004854839089999988, 0.0049055302999999875, 0.0049055302999999875, 0.004896313709999987, 0.004891705419999987, 0.004891705419999987, 0.004896313699999988, 0.004900921989999988, 0.004917051019999989, 0.004933180069999987, 0.004907834419999989, 0.004907834419999989, 0.004907834419999989, 0.004905530309999989, 0.004905530309999989, 0.004905530309999989, 0.004905530309999989]
std = [0.0, 0.0, 0.0, 0.0, 0.0, 0.0, 0.0, 0.0, 0.0, 0.0, 0.0, 0.0, 0.0, 0.0, 0.0, 0.0, 0.0, 0.0, 0.0, 0.0, 0.0, 0.0, 0.0, 0.0, 0.0, 0.0, 0.0, 0.0, 0.0, 0.0, 0.0, 0.0, 0.0, 0.0, 0.0, 0.0, 0.0, 0.0, 0.0, 0.0, 0.0, 0.0, 0.0, 0.0, 0.0, 0.0, 0.0, 0.0, 0.0, 0.0]
