global cost:
avg = [9.059363098570214, 5.614744198002689, 3.283760705009994, 2.270290375345472, 2.0050430842826255, 1.6433533220107, 1.4357697876859103, 1.3391764805723856, 1.2516347400127965, 1.1709094003810436, 1.107564412119439, 1.0203587196100201, 0.9469963145530097, 0.9024011264248618, 0.8909036066106301, 0.8792557532201863, 0.8674515103853163, 0.8554844043983124, 0.8433475022004301, 0.8310333644124485, 0.8185339920037789, 0.805840765514262, 0.792944375516707, 0.7798347427260149, 0.7798347427260148, 0.7529310144764181, 0.7529310144764179, 0.7250296539855637, 0.7250296539855637, 0.7250296539855637, 0.7250296539855637, 0.7250296539855637, 0.7250296539855637, 0.7250296539855637, 0.7250296539855637, 0.7250296539855637, 0.7250296539855637, 0.7250296539855637, 0.7250296539855635, 0.7106683069177879, 0.6960106937083397, 0.6960106937083397, 0.6960106937083397, 0.6960106937083397, 0.6960106937083397, 0.6960106937083397, 0.6960106937083397, 0.6960106937083397, 0.6960106937083397, 0.6960106937083397]
std = [0.0, 0.0, 0.0, 0.0, 0.0, 0.0, 0.0, 0.0, 0.0, 0.0, 0.0, 0.0, 0.0, 0.0, 0.0, 0.0, 0.0, 0.0, 0.0, 0.0, 0.0, 0.0, 0.0, 0.0, 0.0, 0.0, 0.0, 0.0, 0.0, 0.0, 0.0, 0.0, 0.0, 0.0, 0.0, 0.0, 0.0, 0.0, 0.0, 0.0, 0.0, 0.0, 0.0, 0.0, 0.0, 0.0, 0.0, 0.0, 0.0, 0.0]
