local cost:
avg = [0.006029953349999947, 0.00540092226999997, 0.005149770449999977, 0.005066820499999975, 0.004861751739999984, 0.004758065109999985, 0.004836406179999988, 0.0048778808599999855, 0.004822581259999991, 0.004827189569999991, 0.0049884797099999855, 0.004993087989999986, 0.004993087969999987, 0.00497004658999999, 0.004983871499999987, 0.00492626779999999, 0.00492396365999999, 0.00491705121999999, 0.00495391762999999, 0.004956221769999989, 0.004956221769999989, 0.00499539231999999, 0.00499308817999999, 0.00499769643999999, 0.004910138799999991, 0.0049032263599999935, 0.004900922219999993, 0.004868664169999994, 0.0048801849199999955, 0.0048801849199999955, 0.0048801849199999955, 0.0048801849199999955, 0.0048801849199999955, 0.004868664169999994, 0.004873272459999994, 0.004873272459999994, 0.004910138759999994, 0.004896313849999994, 0.004903226289999994, 0.0048917055799999965, 0.004896313829999995, 0.0049009221199999954, 0.004910138669999994, 0.004910138669999994, 0.004910138669999994, 0.004910138669999994, 0.004910138669999994, 0.004910138669999994, 0.004910138669999994, 0.004910138669999994]
std = [0.0, 0.0, 0.0, 0.0, 0.0, 0.0, 0.0, 0.0, 0.0, 0.0, 0.0, 0.0, 0.0, 0.0, 0.0, 0.0, 0.0, 0.0, 0.0, 0.0, 0.0, 0.0, 0.0, 0.0, 0.0, 0.0, 0.0, 0.0, 0.0, 0.0, 0.0, 0.0, 0.0, 0.0, 0.0, 0.0, 0.0, 0.0, 0.0, 0.0, 0.0, 0.0, 0.0, 0.0, 0.0, 0.0, 0.0, 0.0, 0.0, 0.0]
