global cost:
avg = [9.059363098570214, 5.574203455345183, 3.2585481297902423, 2.3241430826863168, 2.090625082062087, 1.7933415900183034, 1.6403098648629393, 1.5162004733698928, 1.439465092225493, 1.2962666293691891, 1.1487330537883809, 1.112255996640097, 1.0745413790346707, 1.035453981813585, 1.0051414220648334, 0.9844146306046317, 0.9305801316615883, 0.9081532183729996, 0.8851582653058012, 0.8734337971123766, 0.8674515103853162, 0.8554844043983124, 0.8310333644124485, 0.818533992003779, 0.7929443755167073, 0.792944375516707, 0.7798347427260148, 0.7798347427260148, 0.7798347427260148, 0.7798347427260148, 0.7798347427260148, 0.7798347427260148, 0.7798347427260148, 0.7665009258060416, 0.7665009258060416, 0.7665009258060416, 0.7665009258060416, 0.7665009258060416, 0.7665009258060416, 0.7665009258060416, 0.7665009258060416, 0.7665009258060416, 0.7665009258060416, 0.7529310144764181, 0.7529310144764179, 0.7529310144764179, 0.7529310144764179, 0.7529310144764179, 0.7529310144764179, 0.7529310144764179]
std = [0.0, 0.0, 0.0, 0.0, 0.0, 0.0, 0.0, 0.0, 0.0, 0.0, 0.0, 0.0, 0.0, 0.0, 0.0, 0.0, 0.0, 0.0, 0.0, 0.0, 0.0, 0.0, 0.0, 0.0, 0.0, 0.0, 0.0, 0.0, 0.0, 0.0, 0.0, 0.0, 0.0, 0.0, 0.0, 0.0, 0.0, 0.0, 0.0, 0.0, 0.0, 0.0, 0.0, 0.0, 0.0, 0.0, 0.0, 0.0, 0.0, 0.0]
