local cost:
avg = [0.006029953349999947, 0.005391705689999972, 0.005142858019999978, 0.004677419989999995, 0.004654378489999992, 0.004612903849999993, 0.0046059913799999935, 0.004610599669999994, 0.004619816239999994, 0.004605991409999993, 0.004442397289999993, 0.004384793609999993, 0.004380185309999994, 0.004400922659999994, 0.004403226799999995, 0.004384793649999995, 0.004364056289999998, 0.004364056289999998, 0.004364056289999998, 0.004364056289999998, 0.004357143849999998, 0.004354839709999997, 0.00448617655999999, 0.004488480699999991, 0.004502305549999988, 0.004502305549999988, 0.0044930889699999884, 0.0044930889699999884, 0.0044930889699999884, 0.0044930889699999884, 0.0044930889699999884, 0.0044930889699999884, 0.0044930889699999884, 0.004500001409999986, 0.004500001409999986, 0.004500001409999986, 0.004500001409999986, 0.004500001409999986, 0.004500001409999986, 0.004500001409999986, 0.004500001409999986, 0.004500001409999986, 0.004511522159999987, 0.0045092180199999875, 0.004509218079999987, 0.004509218079999987, 0.004509218079999987, 0.004509218079999987, 0.004509218079999987, 0.004518434629999988]
std = [0.0, 0.0, 0.0, 0.0, 0.0, 0.0, 0.0, 0.0, 0.0, 0.0, 0.0, 0.0, 0.0, 0.0, 0.0, 0.0, 0.0, 0.0, 0.0, 0.0, 0.0, 0.0, 0.0, 0.0, 0.0, 0.0, 0.0, 0.0, 0.0, 0.0, 0.0, 0.0, 0.0, 0.0, 0.0, 0.0, 0.0, 0.0, 0.0, 0.0, 0.0, 0.0, 0.0, 0.0, 0.0, 0.0, 0.0, 0.0, 0.0, 0.0]
