local cost:
avg = [0.006029953349999947, 0.005391705689999972, 0.005147466299999979, 0.004778802459999991, 0.004790323169999986, 0.004785714869999987, 0.004638249369999994, 0.004638249379999995, 0.0047050696299999915, 0.00468433230999999, 0.00469585303999999, 0.00468433231999999, 0.004688940589999991, 0.004693548879999991, 0.004686636469999991, 0.004682028169999992, 0.004682028169999992, 0.004638249369999995, 0.004684332279999995, 0.004778802289999996, 0.004778802289999996, 0.004771889859999996, 0.004771889859999996, 0.004771889859999996, 0.004771889859999996, 0.004771889859999996, 0.004771889859999996, 0.004764977419999996, 0.004764977419999996, 0.004764977419999996, 0.004764977419999996, 0.004753456669999997, 0.004753456669999997, 0.004753456669999997, 0.004753456669999997, 0.004753456669999997, 0.004880185229999997, 0.004880185229999997, 0.004880185229999997, 0.004753456669999997, 0.004753456669999997, 0.004753456669999997, 0.004753456669999997, 0.004753456669999997, 0.004753456669999997, 0.004753456669999997, 0.004753456669999997, 0.004753456669999997, 0.004753456669999997, 0.004753456669999997]
std = [0.0, 0.0, 0.0, 0.0, 0.0, 0.0, 0.0, 0.0, 0.0, 0.0, 0.0, 0.0, 0.0, 0.0, 0.0, 0.0, 0.0, 0.0, 0.0, 0.0, 0.0, 0.0, 0.0, 0.0, 0.0, 0.0, 0.0, 0.0, 0.0, 0.0, 0.0, 0.0, 0.0, 0.0, 0.0, 0.0, 0.0, 0.0, 0.0, 0.0, 0.0, 0.0, 0.0, 0.0, 0.0, 0.0, 0.0, 0.0, 0.0, 0.0]
