global cost:
avg = [3.533114430281794, 1.7832425246613934, 1.4619763165751838, 1.1830032680035594, 1.080686948394387, 0.8679545332871409, 0.7904552603139423, 0.707573629919947, 0.6785516338465578, 0.6421822989422208, 0.6281865659933242, 0.5929436375351329, 0.549546842680731, 0.5323053424877302, 0.5267443358273275, 0.5189939884286356, 0.5101642478945425, 0.5056783591494713, 0.5039743275096864, 0.5028363398005467, 0.49633856618715183, 0.4901889235376914, 0.4875341624687031, 0.4875341624687031, 0.4875341624687031, 0.4875341624687031, 0.4875341624687031, 0.4875341624687031, 0.4875341624687031, 0.4875341624687031, 0.4875341624687031, 0.4875341624687031, 0.4875341624687031, 0.4875341624687031, 0.4875341624687031, 0.4875341624687031, 0.4875341624687031, 0.4875341624687031, 0.4875341624687031, 0.4875341624687031, 0.4875341624687031, 0.4875341624687031, 0.4875341624687031, 0.4875341624687031, 0.4875341624687031, 0.4875341624687031, 0.4875341624687031, 0.4875341624687031, 0.4875341624687031, 0.4875341624687031]
std = [0.0, 0.0, 0.0, 0.0, 0.0, 0.0, 0.0, 0.0, 0.0, 0.0, 0.0, 0.0, 0.0, 0.0, 0.0, 0.0, 0.0, 0.0, 0.0, 0.0, 0.0, 0.0, 0.0, 0.0, 0.0, 0.0, 0.0, 0.0, 0.0, 0.0, 0.0, 0.0, 0.0, 0.0, 0.0, 0.0, 0.0, 0.0, 0.0, 0.0, 0.0, 0.0, 0.0, 0.0, 0.0, 0.0, 0.0, 0.0, 0.0, 0.0]
