local cost:
avg = [0.057034722222222285, 0.023631944444444525, 0.018895833333333376, 0.01863194444444453, 0.02005555555555564, 0.018333333333333424, 0.02363194444444453, 0.018965277777777866, 0.018666666666666755, 0.018069444444444534, 0.017902777777777865, 0.013631944444444486, 0.017236111111111146, 0.017534722222222257, 0.01740277777777781, 0.01783333333333337, 0.022236111111111158, 0.02193750000000005, 0.022236111111111158, 0.022368055555555603, 0.022201388888888937, 0.017534722222222257, 0.017534722222222257, 0.017534722222222257, 0.017534722222222257, 0.017534722222222257, 0.017534722222222257, 0.017534722222222257, 0.017534722222222257, 0.017534722222222257, 0.017534722222222257, 0.017534722222222257, 0.017534722222222257, 0.017534722222222257, 0.017534722222222257, 0.017534722222222257, 0.017534722222222257, 0.017534722222222257, 0.017534722222222257, 0.017534722222222257, 0.017534722222222257, 0.017534722222222257, 0.017534722222222257, 0.017534722222222257, 0.017534722222222257, 0.017534722222222257, 0.017534722222222257, 0.017534722222222257, 0.017534722222222257, 0.017534722222222257]
std = [0.0, 0.0, 0.0, 0.0, 0.0, 0.0, 0.0, 0.0, 0.0, 0.0, 0.0, 0.0, 0.0, 0.0, 0.0, 0.0, 0.0, 0.0, 0.0, 0.0, 0.0, 0.0, 0.0, 0.0, 0.0, 0.0, 0.0, 0.0, 0.0, 0.0, 0.0, 0.0, 0.0, 0.0, 0.0, 0.0, 0.0, 0.0, 0.0, 0.0, 0.0, 0.0, 0.0, 0.0, 0.0, 0.0, 0.0, 0.0, 0.0, 0.0]
