global cost:
avg = [9.059363098570214, 5.5519655511512145, 3.1817118903720276, 2.3018575727645487, 1.9263746830027948, 1.746747149670246, 1.6244243506117824, 1.471233382824356, 1.3994077674954104, 1.3001157112399981, 1.1839092316553044, 1.102757479452928, 1.0151389304819791, 0.9578207433951377, 0.9137539875009522, 0.8792557532201863, 0.8554844043983124, 0.8310333644124483, 0.8310333644124483, 0.8185339920037787, 0.8185339920037787, 0.8058407655142618, 0.8058407655142616, 0.7929443755167069, 0.7798347427260147, 0.7665009258060415, 0.7665009258060415, 0.7665009258060415, 0.7529310144764179, 0.7391120049488149, 0.7391120049488147, 0.7391120049488147, 0.7391120049488147, 0.7391120049488147, 0.7391120049488147, 0.7391120049488147, 0.7391120049488147, 0.7391120049488147, 0.7391120049488147, 0.7391120049488147, 0.7391120049488147, 0.7391120049488147, 0.7391120049488147, 0.7391120049488147, 0.7391120049488147, 0.7391120049488147, 0.7391120049488147, 0.7391120049488147, 0.7391120049488147, 0.7391120049488147]
std = [0.0, 0.0, 0.0, 0.0, 0.0, 0.0, 0.0, 0.0, 0.0, 0.0, 0.0, 0.0, 0.0, 0.0, 0.0, 0.0, 0.0, 0.0, 0.0, 0.0, 0.0, 0.0, 0.0, 0.0, 0.0, 0.0, 0.0, 0.0, 0.0, 0.0, 0.0, 0.0, 0.0, 0.0, 0.0, 0.0, 0.0, 0.0, 0.0, 0.0, 0.0, 0.0, 0.0, 0.0, 0.0, 0.0, 0.0, 0.0, 0.0, 0.0]
