local cost:
avg = [0.006029953349999947, 0.005391705689999972, 0.005186636829999977, 0.004900922279999986, 0.004933180259999986, 0.0048202770799999906, 0.004831797809999991, 0.004769585829999995, 0.004748848549999995, 0.004737327809999997, 0.004755760989999997, 0.004631337279999994, 0.004663595389999991, 0.004640553899999993, 0.0045967751199999934, 0.004585254369999994, 0.004589862659999995, 0.0045391714099999965, 0.0045391714099999965, 0.0045391714099999965, 0.004550692159999997, 0.004550692159999997, 0.004546083869999997, 0.004546083869999997, 0.00451152168, 0.00451152168, 0.00451152168, 0.00451152168, 0.004509217540000001, 0.00446313463, 0.004447005589999999, 0.004447005589999999, 0.004447005589999999, 0.004447005589999999, 0.004447005589999999, 0.004447005589999999, 0.004447005589999999, 0.004447005589999999, 0.004447005589999999, 0.004447005589999999, 0.004447005589999999, 0.0044585263399999995, 0.0044585263399999995, 0.0044585263399999995, 0.0044585263399999995, 0.0044585263399999995, 0.0044585263399999995, 0.0044585263399999995, 0.0044585263399999995, 0.0044585263399999995]
std = [0.0, 0.0, 0.0, 0.0, 0.0, 0.0, 0.0, 0.0, 0.0, 0.0, 0.0, 0.0, 0.0, 0.0, 0.0, 0.0, 0.0, 0.0, 0.0, 0.0, 0.0, 0.0, 0.0, 0.0, 0.0, 0.0, 0.0, 0.0, 0.0, 0.0, 0.0, 0.0, 0.0, 0.0, 0.0, 0.0, 0.0, 0.0, 0.0, 0.0, 0.0, 0.0, 0.0, 0.0, 0.0, 0.0, 0.0, 0.0, 0.0, 0.0]
