global cost:
avg = [9.059363098570214, 5.531502269497723, 3.201093858908378, 2.398365387658057, 1.9843698100468716, 1.752759238587436, 1.605403247669839, 1.499140647308441, 1.3697768649651718, 1.2558719643781386, 1.1796810503698556, 1.1168336866760906, 1.069684392795068, 1.030412768450212, 0.989583875465393, 0.9249675163890464, 0.8792557532201865, 0.8674515103853161, 0.8310333644124486, 0.8185339920037791, 0.8185339920037791, 0.8120178739175262, 0.7862162006467927, 0.7729924692119883, 0.7458419698946854, 0.7458419698946853, 0.7318891223097622, 0.731889122309762, 0.7176650546420127, 0.7176650546420127, 0.7176650546420127, 0.7176650546420127, 0.7176650546420127, 0.7176650546420127, 0.7176650546420127, 0.7176650546420126, 0.7031533075747367, 0.7031533075747366, 0.688335686458476, 0.688335686458476, 0.688335686458476, 0.688335686458476, 0.688335686458476, 0.688335686458476, 0.688335686458476, 0.688335686458476, 0.688335686458476, 0.688335686458476, 0.688335686458476, 0.688335686458476]
std = [0.0, 0.0, 0.0, 0.0, 0.0, 0.0, 0.0, 0.0, 0.0, 0.0, 0.0, 0.0, 0.0, 0.0, 0.0, 0.0, 0.0, 0.0, 0.0, 0.0, 0.0, 0.0, 0.0, 0.0, 0.0, 0.0, 0.0, 0.0, 0.0, 0.0, 0.0, 0.0, 0.0, 0.0, 0.0, 0.0, 0.0, 0.0, 0.0, 0.0, 0.0, 0.0, 0.0, 0.0, 0.0, 0.0, 0.0, 0.0, 0.0, 0.0]
