local cost:
avg = [0.006029953349999947, 0.005391705689999972, 0.005145162159999978, 0.0047649775299999884, 0.004723502749999991, 0.004658986699999992, 0.004658986719999993, 0.0046382493999999955, 0.004626728669999995, 0.004652074249999993, 0.004658986689999992, 0.0046866364299999914, 0.004661290849999993, 0.004769586199999995, 0.004769586199999995, 0.0048271898699999965, 0.004714286169999994, 0.004711982019999995, 0.004711982009999995, 0.004728111019999995, 0.004735023459999995, 0.004599079019999995, 0.004596774879999995, 0.004571429289999995, 0.004649770229999992, 0.004658986839999993, 0.004658986839999993, 0.004663595099999993, 0.004656682659999993, 0.004656682659999993, 0.004656682659999993, 0.004656682659999993, 0.004656682659999993, 0.004656682659999993, 0.004656682659999993, 0.004645161919999993, 0.004645161919999993, 0.004645161919999993, 0.0046566826699999935, 0.0046566826699999935, 0.0046566826699999935, 0.004645161919999993, 0.004645161919999993, 0.004645161919999993, 0.004645161919999993, 0.0046682033699999926, 0.0046682033699999926, 0.0046682033699999926, 0.004679724119999993, 0.004679724119999993]
std = [0.0, 0.0, 0.0, 0.0, 0.0, 0.0, 0.0, 0.0, 0.0, 0.0, 0.0, 0.0, 0.0, 0.0, 0.0, 0.0, 0.0, 0.0, 0.0, 0.0, 0.0, 0.0, 0.0, 0.0, 0.0, 0.0, 0.0, 0.0, 0.0, 0.0, 0.0, 0.0, 0.0, 0.0, 0.0, 0.0, 0.0, 0.0, 0.0, 0.0, 0.0, 0.0, 0.0, 0.0, 0.0, 0.0, 0.0, 0.0, 0.0, 0.0]
