global cost:
avg = [9.059363098570214, 5.5296382160822635, 3.197871688614147, 2.337412402401799, 1.8665784997161994, 1.7049327576106665, 1.5662654502194806, 1.4782240098976305, 1.3771297795136797, 1.2921618729524778, 1.2266759361395363, 1.1485498865937558, 1.0352507723166198, 1.004932083018084, 0.9842008829893434, 0.9522582149679311, 0.9303540157229658, 0.9079215170761108, 0.884920543194543, 0.8849205431945428, 0.8613055522668268, 0.8492518458411688, 0.8246160223173999, 0.8246160223173997, 0.8246160223173997, 0.8120178739175262, 0.8120178739175262, 0.8120178739175262, 0.8120178739175262, 0.8120178739175262, 0.8120178739175262, 0.8120178739175262, 0.8120178739175262, 0.8120178739175262, 0.8120178739175261, 0.8120178739175261, 0.8120178739175261, 0.8120178739175261, 0.8120178739175261, 0.8120178739175261, 0.8120178739175261, 0.8120178739175261, 0.8120178739175261, 0.8120178739175261, 0.8120178739175261, 0.7992211651730131, 0.7862162006467927, 0.7729924692119885, 0.7729924692119883, 0.7729924692119882]
std = [0.0, 0.0, 0.0, 0.0, 0.0, 0.0, 0.0, 0.0, 0.0, 0.0, 0.0, 0.0, 0.0, 0.0, 0.0, 0.0, 0.0, 0.0, 0.0, 0.0, 0.0, 0.0, 0.0, 0.0, 0.0, 0.0, 0.0, 0.0, 0.0, 0.0, 0.0, 0.0, 0.0, 0.0, 0.0, 0.0, 0.0, 0.0, 0.0, 0.0, 0.0, 0.0, 0.0, 0.0, 0.0, 0.0, 0.0, 0.0, 0.0, 0.0]
