local cost:
avg = [0.006029953349999947, 0.005391705689999972, 0.005145162159999978, 0.004852535179999985, 0.0047811065399999885, 0.004834101869999991, 0.004854839219999986, 0.0047811065399999885, 0.00489861794999999, 0.004889401349999984, 0.004758065229999984, 0.004753456949999984, 0.004732719629999984, 0.0048847930299999835, 0.004949309119999985, 0.0048548391399999835, 0.0048548391399999835, 0.0048663598499999825, 0.004868663959999983, 0.004875576369999982, 0.004852534959999983, 0.004981567449999977, 0.004979263309999977, 0.004979263309999977, 0.004979263309999977, 0.004979263309999977, 0.004979263309999977, 0.004972350869999977, 0.004972350869999977, 0.004972350869999977, 0.004972350869999977, 0.004972350869999977, 0.004972350869999977, 0.004972350869999977, 0.005039170729999976, 0.005039170729999976, 0.005039170729999976, 0.005039170729999976, 0.005039170729999976, 0.005039170729999976, 0.005050691479999977, 0.005039170729999976, 0.005039170729999976, 0.005039170729999976, 0.005062212129999977, 0.005062212129999977, 0.005062212129999977, 0.005062212129999977, 0.0050990785299999735, 0.005092166119999973]
std = [0.0, 0.0, 0.0, 0.0, 0.0, 0.0, 0.0, 0.0, 0.0, 0.0, 0.0, 0.0, 0.0, 0.0, 0.0, 0.0, 0.0, 0.0, 0.0, 0.0, 0.0, 0.0, 0.0, 0.0, 0.0, 0.0, 0.0, 0.0, 0.0, 0.0, 0.0, 0.0, 0.0, 0.0, 0.0, 0.0, 0.0, 0.0, 0.0, 0.0, 0.0, 0.0, 0.0, 0.0, 0.0, 0.0, 0.0, 0.0, 0.0, 0.0]
