global cost:
avg = [9.059363098570214, 5.60923316852685, 3.252214445690417, 2.4952721969436307, 2.1151373518644747, 1.8694224145727154, 1.720074908217685, 1.5860214114335824, 1.478366331566462, 1.3697768649651718, 1.284322598135871, 1.218415398160343, 1.1487330537883809, 1.0840930458031557, 1.0453628581285253, 1.0254493608913984, 0.9844146306046317, 0.9632419486019034, 0.9305801316615883, 0.8967294527003149, 0.8494995494619656, 0.7994843699109813, 0.7864837576396145, 0.773264601756667, 0.773264601756667, 0.773264601756667, 0.773264601756667, 0.773264601756667, 0.773264601756667, 0.773264601756667, 0.773264601756667, 0.773264601756667, 0.773264601756667, 0.773264601756667, 0.773264601756667, 0.773264601756667, 0.773264601756667, 0.773264601756667, 0.773264601756667, 0.773264601756667, 0.773264601756667, 0.773264601756667, 0.773264601756667, 0.773264601756667, 0.773264601756667, 0.773264601756667, 0.773264601756667, 0.773264601756667, 0.7665009258060415, 0.7665009258060415]
std = [0.0, 0.0, 0.0, 0.0, 0.0, 0.0, 0.0, 0.0, 0.0, 0.0, 0.0, 0.0, 0.0, 0.0, 0.0, 0.0, 0.0, 0.0, 0.0, 0.0, 0.0, 0.0, 0.0, 0.0, 0.0, 0.0, 0.0, 0.0, 0.0, 0.0, 0.0, 0.0, 0.0, 0.0, 0.0, 0.0, 0.0, 0.0, 0.0, 0.0, 0.0, 0.0, 0.0, 0.0, 0.0, 0.0, 0.0, 0.0, 0.0, 0.0]
