local cost:
avg = [0.006029953349999947, 0.005398618129999971, 0.005223503169999978, 0.0051612905499999655, 0.005195852739999963, 0.005179723689999962, 0.005108295089999964, 0.005087557849999969, 0.0049884798399999625, 0.004806452619999979, 0.00478341113999998, 0.004790323479999978, 0.004758065409999982, 0.004988479839999982, 0.004990783979999983, 0.004993088119999983, 0.005039171029999982, 0.005004608859999982, 0.004958525869999982, 0.0049539175999999815, 0.004972350749999981, 0.004972350749999981, 0.0050023047499999805, 0.004965438339999981, 0.00487557658999998, 0.00487557658999998, 0.00487557658999998, 0.00487557658999998, 0.00487557658999998, 0.00487557658999998, 0.00487557658999998, 0.00487557658999998, 0.00486866415999998, 0.004868664159999982, 0.004868664159999982, 0.004857143409999981, 0.004857143409999981, 0.004857143409999981, 0.004857143409999981, 0.004868664159999982, 0.004868664159999982, 0.004868664159999982, 0.004868664159999982, 0.004868664159999982, 0.004868664159999982, 0.004857143409999981, 0.004857143409999981, 0.004857143409999981, 0.004857143409999981, 0.004857143409999981]
std = [0.0, 0.0, 0.0, 0.0, 0.0, 0.0, 0.0, 0.0, 0.0, 0.0, 0.0, 0.0, 0.0, 0.0, 0.0, 0.0, 0.0, 0.0, 0.0, 0.0, 0.0, 0.0, 0.0, 0.0, 0.0, 0.0, 0.0, 0.0, 0.0, 0.0, 0.0, 0.0, 0.0, 0.0, 0.0, 0.0, 0.0, 0.0, 0.0, 0.0, 0.0, 0.0, 0.0, 0.0, 0.0, 0.0, 0.0, 0.0, 0.0, 0.0]
