global cost:
avg = [9.059363098570214, 5.6037167191783235, 3.3118954358610133, 2.3462169235396395, 2.090625082062087, 1.8665784997162, 1.704932757610667, 1.539712061960647, 1.4142135623730951, 1.3546407444011688, 1.2435400084345174, 1.1927616745901648, 1.112255996640097, 1.0551786871689885, 0.9844146306046317, 0.9415932976313764, 0.8734337971123766, 0.8248711239545367, 0.7994843699109813, 0.7864837576396145, 0.773264601756667, 0.75981549578096, 0.75981549578096, 0.7461240050607104, 0.7461240050607104, 0.7321765321469981, 0.717958158617738, 0.717958158617738, 0.717958158617738, 0.717958158617738, 0.717958158617738, 0.717958158617738, 0.717958158617738, 0.717958158617738, 0.717958158617738, 0.717958158617738, 0.717958158617738, 0.717958158617738, 0.717958158617738, 0.717958158617738, 0.717958158617738, 0.717958158617738, 0.717958158617738, 0.717958158617738, 0.717958158617738, 0.717958158617738, 0.717958158617738, 0.717958158617738, 0.717958158617738, 0.717958158617738]
std = [0.0, 0.0, 0.0, 0.0, 0.0, 0.0, 0.0, 0.0, 0.0, 0.0, 0.0, 0.0, 0.0, 0.0, 0.0, 0.0, 0.0, 0.0, 0.0, 0.0, 0.0, 0.0, 0.0, 0.0, 0.0, 0.0, 0.0, 0.0, 0.0, 0.0, 0.0, 0.0, 0.0, 0.0, 0.0, 0.0, 0.0, 0.0, 0.0, 0.0, 0.0, 0.0, 0.0, 0.0, 0.0, 0.0, 0.0, 0.0, 0.0, 0.0]
