local cost:
avg = [0.006029953349999947, 0.0054308762399999655, 0.005140553869999977, 0.004677419979999994, 0.00468894068999999, 0.004707373829999991, 0.00465437841999999, 0.004755760889999992, 0.004762673339999991, 0.004841014119999988, 0.004804147739999992, 0.004760368869999992, 0.004767281299999993, 0.004758064729999992, 0.004728110819999993, 0.004728110819999993, 0.004716590069999993, 0.0047211983599999945, 0.0047211983599999945, 0.0047350232099999945, 0.004732719059999994, 0.004739631489999996, 0.004739631489999996, 0.004762672939999994, 0.004762672939999994, 0.004716589989999996, 0.004725806569999996, 0.004725806569999996, 0.004725806569999996, 0.004725806569999996, 0.004723502429999996, 0.004723502429999996, 0.004723502429999996, 0.004626728279999995, 0.004626728269999994, 0.004626728269999994, 0.004626728269999994, 0.004626728269999994, 0.004626728269999994, 0.004626728269999994, 0.0046244241299999945, 0.0046244241299999945, 0.0046244241299999945, 0.0046244241299999945, 0.0046244241299999945, 0.0046244241299999945, 0.0046244241299999945, 0.0046244241299999945, 0.0046244241299999945, 0.0046244241299999945]
std = [0.0, 0.0, 0.0, 0.0, 0.0, 0.0, 0.0, 0.0, 0.0, 0.0, 0.0, 0.0, 0.0, 0.0, 0.0, 0.0, 0.0, 0.0, 0.0, 0.0, 0.0, 0.0, 0.0, 0.0, 0.0, 0.0, 0.0, 0.0, 0.0, 0.0, 0.0, 0.0, 0.0, 0.0, 0.0, 0.0, 0.0, 0.0, 0.0, 0.0, 0.0, 0.0, 0.0, 0.0, 0.0, 0.0, 0.0, 0.0, 0.0, 0.0]
