global cost:
avg = [9.059363098570214, 5.581596401423727, 3.2426907238671916, 2.363727581407793, 1.9687223961042264, 1.7377202842345687, 1.549553188893283, 1.4247740398360662, 1.2959419742693952, 1.2052640693897407, 1.1164568553919176, 1.0884026092620858, 0.9995265026697582, 0.9630235016212956, 0.9413698270461403, 0.8964947989078109, 0.8849205431945432, 0.8674515103853162, 0.8433475022004301, 0.84334750220043, 0.8310333644124485, 0.818533992003779, 0.8058407655142619, 0.792944375516707, 0.792944375516707, 0.7798347427260149, 0.7665009258060416, 0.7665009258060416, 0.7665009258060416, 0.7529310144764179, 0.7529310144764179, 0.7529310144764179, 0.7529310144764179, 0.7529310144764179, 0.7529310144764179, 0.7529310144764179, 0.7529310144764179, 0.7529310144764179, 0.7391120049488149, 0.7391120049488149, 0.7391120049488149, 0.7391120049488149, 0.7391120049488149, 0.7391120049488149, 0.7391120049488149, 0.7391120049488149, 0.7391120049488149, 0.7391120049488149, 0.7391120049488148, 0.7391120049488148]
std = [0.0, 0.0, 0.0, 0.0, 0.0, 0.0, 0.0, 0.0, 0.0, 0.0, 0.0, 0.0, 0.0, 0.0, 0.0, 0.0, 0.0, 0.0, 0.0, 0.0, 0.0, 0.0, 0.0, 0.0, 0.0, 0.0, 0.0, 0.0, 0.0, 0.0, 0.0, 0.0, 0.0, 0.0, 0.0, 0.0, 0.0, 0.0, 0.0, 0.0, 0.0, 0.0, 0.0, 0.0, 0.0, 0.0, 0.0, 0.0, 0.0, 0.0]
