local cost:
avg = [0.006029953349999947, 0.005391705689999972, 0.005152074589999977, 0.00478341074999999, 0.004790323169999985, 0.004815668759999988, 0.0047211987299999895, 0.004852534999999985, 0.0048271894099999844, 0.004836405959999985, 0.004820276899999985, 0.004698157249999993, 0.0047465443699999926, 0.004725807009999993, 0.0047165903799999956, 0.004741935989999993, 0.004744240139999994, 0.004735023589999995, 0.004709677949999996, 0.004698157199999996, 0.004695853059999996, 0.004698157199999996, 0.004725806939999995, 0.004711982059999997, 0.004711982059999997, 0.004705069619999996, 0.004700461329999997, 0.004700461329999997, 0.004721198659999996, 0.004767281609999992, 0.004767281609999992, 0.004755760859999992, 0.004755760859999992, 0.004755760859999992, 0.004755760859999992, 0.004755760859999992, 0.004755760859999992, 0.004764977469999993, 0.004760369169999993, 0.004887097729999993, 0.004875576979999992, 0.004887097729999993, 0.004875576979999992, 0.004875576979999992, 0.004875576979999992, 0.004875576979999992, 0.004875576979999992, 0.004875576979999992, 0.004875576979999992, 0.004875576979999992]
std = [0.0, 0.0, 0.0, 0.0, 0.0, 0.0, 0.0, 0.0, 0.0, 0.0, 0.0, 0.0, 0.0, 0.0, 0.0, 0.0, 0.0, 0.0, 0.0, 0.0, 0.0, 0.0, 0.0, 0.0, 0.0, 0.0, 0.0, 0.0, 0.0, 0.0, 0.0, 0.0, 0.0, 0.0, 0.0, 0.0, 0.0, 0.0, 0.0, 0.0, 0.0, 0.0, 0.0, 0.0, 0.0, 0.0, 0.0, 0.0, 0.0, 0.0]
