global cost:
avg = [9.059363098570214, 5.538952209963775, 3.1946462683901125, 2.3940630685124296, 2.0757787848525706, 1.863673800229791, 1.66500723897162, 1.5227083957229686, 1.424774039836066, 1.303872753520944, 1.2222514431834308, 1.143823229373622, 1.0788890967784803, 1.0399651226571789, 1.009787990738783, 0.9465518718137337, 0.9132933679442715, 0.8787770512637995, 0.854992393197645, 0.830526868333454, 0.8053184249858641, 0.7924135340342704, 0.7659517579577843, 0.7523719418064373, 0.7385424714371939, 0.7385424714371938, 0.7385424714371938, 0.7318891223097624, 0.7318891223097623, 0.7318891223097623, 0.7318891223097623, 0.7318891223097623, 0.7318891223097623, 0.7318891223097623, 0.7318891223097622, 0.7318891223097622, 0.7318891223097622, 0.7318891223097622, 0.7318891223097622, 0.7318891223097622, 0.7318891223097622, 0.7318891223097622, 0.7318891223097622, 0.7318891223097622, 0.7318891223097622, 0.7318891223097622, 0.7318891223097622, 0.7318891223097622, 0.7318891223097622, 0.7318891223097622]
std = [0.0, 0.0, 0.0, 0.0, 0.0, 0.0, 0.0, 0.0, 0.0, 0.0, 0.0, 0.0, 0.0, 0.0, 0.0, 0.0, 0.0, 0.0, 0.0, 0.0, 0.0, 0.0, 0.0, 0.0, 0.0, 0.0, 0.0, 0.0, 0.0, 0.0, 0.0, 0.0, 0.0, 0.0, 0.0, 0.0, 0.0, 0.0, 0.0, 0.0, 0.0, 0.0, 0.0, 0.0, 0.0, 0.0, 0.0, 0.0, 0.0, 0.0]
