local cost:
avg = [0.006029953349999947, 0.005391705689999972, 0.005149770449999978, 0.004877880809999986, 0.004887097329999981, 0.004910138769999983, 0.004914747049999982, 0.004753456629999989, 0.0047258068999999885, 0.004707373719999989, 0.00469815711999999, 0.00465898655999999, 0.0046474658599999896, 0.00463364101999999, 0.00463364101999999, 0.004622120289999992, 0.004622120289999993, 0.004672811489999994, 0.004670507349999994, 0.004668203209999994, 0.004668203209999994, 0.004668203209999994, 0.0047188944099999935, 0.004617512249999993, 0.004617512249999993, 0.004617512219999993, 0.004647466109999993, 0.004647466109999993, 0.004645161969999992, 0.004645161969999992, 0.004645161969999992, 0.004645161969999992, 0.004645161969999992, 0.004645161969999992, 0.004635945359999992, 0.004635945359999992, 0.004635945359999992, 0.004635945359999992, 0.004626728809999992, 0.004626728809999992, 0.004626728809999992, 0.004633641249999992, 0.004633641249999992, 0.004633641249999992, 0.004633641249999992, 0.004633641249999992, 0.004633641249999992, 0.004633641249999992, 0.004633641249999992, 0.004626728809999992]
std = [0.0, 0.0, 0.0, 0.0, 0.0, 0.0, 0.0, 0.0, 0.0, 0.0, 0.0, 0.0, 0.0, 0.0, 0.0, 0.0, 0.0, 0.0, 0.0, 0.0, 0.0, 0.0, 0.0, 0.0, 0.0, 0.0, 0.0, 0.0, 0.0, 0.0, 0.0, 0.0, 0.0, 0.0, 0.0, 0.0, 0.0, 0.0, 0.0, 0.0, 0.0, 0.0, 0.0, 0.0, 0.0, 0.0, 0.0, 0.0, 0.0, 0.0]
