local cost:
avg = [0.006029953349999947, 0.00553686694999996, 0.005288019269999975, 0.005013825489999978, 0.005043779389999977, 0.005000000569999976, 0.0049884797899999766, 0.005221198229999962, 0.005140553189999963, 0.005066820399999973, 0.005041474399999977, 0.005055299269999977, 0.0050437785399999775, 0.005103686329999974, 0.005103686389999974, 0.005099078079999974, 0.005138248579999965, 0.0051382485799999645, 0.0051382485799999645, 0.005281105639999965, 0.005184331489999965, 0.005182027349999964, 0.005186635629999965, 0.005188939769999966, 0.005186635629999965, 0.0052672808499999646, 0.005271889139999964, 0.005271889139999964, 0.005271889139999964, 0.005271889139999964, 0.005271889139999964, 0.005271889139999964, 0.005271889139999964, 0.005271889139999964, 0.005271889139999964, 0.005274193289999964, 0.005274193289999964, 0.005288018169999966, 0.005285714019999966, 0.005278801579999965, 0.005278801579999965, 0.005278801579999965, 0.005285714019999966, 0.005278801579999965, 0.005278801579999965, 0.005278801579999965, 0.005278801579999965, 0.005285714019999966, 0.005285714019999966, 0.005278801579999965]
std = [0.0, 0.0, 0.0, 0.0, 0.0, 0.0, 0.0, 0.0, 0.0, 0.0, 0.0, 0.0, 0.0, 0.0, 0.0, 0.0, 0.0, 0.0, 0.0, 0.0, 0.0, 0.0, 0.0, 0.0, 0.0, 0.0, 0.0, 0.0, 0.0, 0.0, 0.0, 0.0, 0.0, 0.0, 0.0, 0.0, 0.0, 0.0, 0.0, 0.0, 0.0, 0.0, 0.0, 0.0, 0.0, 0.0, 0.0, 0.0, 0.0, 0.0]
