global cost:
avg = [9.059363098570214, 5.598194833934916, 3.245868402655191, 2.389753003829919, 2.0955504743260516, 1.816190597182328, 1.6116815310285244, 1.450059307971128, 1.323690497327899, 1.2433708078066938, 1.1839092316553044, 1.1395386282586029, 1.102757479452928, 1.0549792770401796, 1.03525077231662, 1.010204612929068, 0.989583875465393, 0.9685242037135905, 0.9249675163890465, 0.9024011264248616, 0.8674515103853163, 0.8433475022004301, 0.805840765514262, 0.8058407655142618, 0.8058407655142618, 0.8058407655142618, 0.8058407655142618, 0.8058407655142618, 0.8058407655142618, 0.8058407655142618, 0.8058407655142618, 0.8058407655142618, 0.8058407655142618, 0.8058407655142618, 0.8058407655142618, 0.7929443755167072, 0.792944375516707, 0.792944375516707, 0.792944375516707, 0.7798347427260148, 0.7798347427260148, 0.7798347427260148, 0.7798347427260148, 0.7798347427260148, 0.7798347427260148, 0.7798347427260148, 0.7798347427260148, 0.7798347427260148, 0.7798347427260148, 0.7798347427260148]
std = [0.0, 0.0, 0.0, 0.0, 0.0, 0.0, 0.0, 0.0, 0.0, 0.0, 0.0, 0.0, 0.0, 0.0, 0.0, 0.0, 0.0, 0.0, 0.0, 0.0, 0.0, 0.0, 0.0, 0.0, 0.0, 0.0, 0.0, 0.0, 0.0, 0.0, 0.0, 0.0, 0.0, 0.0, 0.0, 0.0, 0.0, 0.0, 0.0, 0.0, 0.0, 0.0, 0.0, 0.0, 0.0, 0.0, 0.0, 0.0, 0.0, 0.0]
