local cost:
avg = [0.006029953349999947, 0.005391705689999972, 0.005145162159999978, 0.004974654539999978, 0.004972350389999979, 0.0049539172599999785, 0.004875576299999979, 0.0047649772599999834, 0.004762673149999984, 0.004767281429999985, 0.004753456559999988, 0.004629032869999986, 0.004663595079999987, 0.004679724049999984, 0.004679724049999984, 0.004656682549999984, 0.004656682549999983, 0.004622120409999986, 0.004642857719999986, 0.004656682569999984, 0.004751153029999988, 0.0048064525199999885, 0.004824885739999987, 0.0047926276699999885, 0.004799540169999988, 0.004799540169999988, 0.004801844369999988, 0.004801844369999988, 0.004801844369999988, 0.004790323619999987, 0.004790323619999987, 0.004790323619999987, 0.004790323619999987, 0.004790323619999987, 0.004790323619999987, 0.004788019419999989, 0.004788019419999989, 0.004668203299999989, 0.004668203299999989, 0.004668203299999989, 0.004668203299999989, 0.004668203299999989, 0.004661290859999989, 0.0046728116099999896, 0.004668203299999989, 0.004668203299999989, 0.004668203299999989, 0.004661290859999989, 0.004661290859999989, 0.004661290859999989]
std = [0.0, 0.0, 0.0, 0.0, 0.0, 0.0, 0.0, 0.0, 0.0, 0.0, 0.0, 0.0, 0.0, 0.0, 0.0, 0.0, 0.0, 0.0, 0.0, 0.0, 0.0, 0.0, 0.0, 0.0, 0.0, 0.0, 0.0, 0.0, 0.0, 0.0, 0.0, 0.0, 0.0, 0.0, 0.0, 0.0, 0.0, 0.0, 0.0, 0.0, 0.0, 0.0, 0.0, 0.0, 0.0, 0.0, 0.0, 0.0, 0.0, 0.0]
