global cost:
avg = [9.059363098570214, 5.581596401423727, 3.2426907238671916, 2.337412402401799, 1.9739519826032743, 1.7408351582444843, 1.5330018516120836, 1.3847475485430103, 1.30818202333833, 1.2518028236421064, 1.112255996640097, 1.0649040419477716, 0.994832006747614, 0.94136982704614, 0.8613055522668267, 0.8120178739175263, 0.7992211651730131, 0.7798347427260149, 0.7665009258060416, 0.7665009258060416, 0.7665009258060416, 0.7529310144764181, 0.7529310144764181, 0.7529310144764181, 0.7529310144764181, 0.752931014476418, 0.7391120049488149, 0.7391120049488149, 0.7391120049488149, 0.7391120049488149, 0.7391120049488149, 0.7391120049488149, 0.7391120049488149, 0.7391120049488149, 0.7391120049488149, 0.7391120049488149, 0.7391120049488149, 0.7391120049488149, 0.7391120049488149, 0.7391120049488149, 0.7391120049488149, 0.7391120049488149, 0.7391120049488149, 0.7391120049488149, 0.7391120049488149, 0.7391120049488149, 0.7391120049488149, 0.7391120049488149, 0.7391120049488149, 0.7391120049488149]
std = [0.0, 0.0, 0.0, 0.0, 0.0, 0.0, 0.0, 0.0, 0.0, 0.0, 0.0, 0.0, 0.0, 0.0, 0.0, 0.0, 0.0, 0.0, 0.0, 0.0, 0.0, 0.0, 0.0, 0.0, 0.0, 0.0, 0.0, 0.0, 0.0, 0.0, 0.0, 0.0, 0.0, 0.0, 0.0, 0.0, 0.0, 0.0, 0.0, 0.0, 0.0, 0.0, 0.0, 0.0, 0.0, 0.0, 0.0, 0.0, 0.0, 0.0]
