local cost:
avg = [0.006029953349999947, 0.005391705689999972, 0.005152074599999977, 0.00478341075999999, 0.004790323179999985, 0.004896314089999979, 0.0048271896199999845, 0.004887097479999982, 0.0049055306499999835, 0.004910138929999982, 0.0048917058099999826, 0.004859447719999984, 0.004854839429999984, 0.004748848539999988, 0.004758065119999989, 0.004758065119999989, 0.004764977559999989, 0.0047695858299999895, 0.0047649775299999884, 0.0047649775299999884, 0.00477188996999999, 0.0047672816699999895, 0.00477419410999999, 0.0047672816699999895, 0.004778802389999991, 0.00478110651999999, 0.0047811065199999895, 0.0047811065199999895, 0.0047811065199999895, 0.0047811065199999895, 0.00475115254999999, 0.00475115254999999, 0.004744240109999989, 0.004744240109999989, 0.004744240109999989, 0.004741935969999988, 0.004741935969999988, 0.004741935969999988, 0.004741935969999988, 0.004741935969999988, 0.004785714819999989, 0.004785714819999989, 0.004785714819999989, 0.004785714819999989, 0.004785714819999989, 0.004790323129999989, 0.004792627269999989, 0.004792627269999989, 0.004788018959999989, 0.004781106519999989]
std = [0.0, 0.0, 0.0, 0.0, 0.0, 0.0, 0.0, 0.0, 0.0, 0.0, 0.0, 0.0, 0.0, 0.0, 0.0, 0.0, 0.0, 0.0, 0.0, 0.0, 0.0, 0.0, 0.0, 0.0, 0.0, 0.0, 0.0, 0.0, 0.0, 0.0, 0.0, 0.0, 0.0, 0.0, 0.0, 0.0, 0.0, 0.0, 0.0, 0.0, 0.0, 0.0, 0.0, 0.0, 0.0, 0.0, 0.0, 0.0, 0.0, 0.0]
