global cost:
avg = [9.059363098570214, 5.56309561497697, 3.2171563028622163, 2.389753003829919, 1.9370484074271814, 1.6927960877116446, 1.539712061960647, 1.3696232594850184, 1.292161872952478, 1.2097506928709512, 1.1531659509795769, 1.1075644121194386, 1.0502321585189114, 1.0102046129290678, 0.9736697701869832, 0.94136982704614, 0.9192061998653064, 0.907921517076111, 0.8731928830829384, 0.8492518458411689, 0.8433475022004301, 0.8185339920037791, 0.8058407655142621, 0.8058407655142621, 0.8058407655142621, 0.805840765514262, 0.7929443755167073, 0.7929443755167073, 0.779834742726015, 0.7798347427260148, 0.7798347427260148, 0.7798347427260148, 0.7798347427260148, 0.7798347427260148, 0.7798347427260148, 0.7798347427260148, 0.7798347427260148, 0.7798347427260148, 0.7798347427260148, 0.7798347427260148, 0.7798347427260148, 0.7798347427260148, 0.7798347427260148, 0.7798347427260148, 0.7798347427260148, 0.7798347427260148, 0.7798347427260148, 0.7798347427260148, 0.7798347427260148, 0.7798347427260148]
std = [0.0, 0.0, 0.0, 0.0, 0.0, 0.0, 0.0, 0.0, 0.0, 0.0, 0.0, 0.0, 0.0, 0.0, 0.0, 0.0, 0.0, 0.0, 0.0, 0.0, 0.0, 0.0, 0.0, 0.0, 0.0, 0.0, 0.0, 0.0, 0.0, 0.0, 0.0, 0.0, 0.0, 0.0, 0.0, 0.0, 0.0, 0.0, 0.0, 0.0, 0.0, 0.0, 0.0, 0.0, 0.0, 0.0, 0.0, 0.0, 0.0, 0.0]
