local cost:
avg = [0.006029953349999947, 0.005391705689999972, 0.005145162159999978, 0.004854839289999985, 0.004792627229999987, 0.005046082979999978, 0.005004608399999978, 0.005027649939999979, 0.004963133839999982, 0.005000000169999984, 0.005013825049999982, 0.005126728209999981, 0.0051820277699999775, 0.005057603739999979, 0.005085253479999977, 0.005099078359999977, 0.005082949359999976, 0.004942396649999976, 0.004944700799999977, 0.004940092509999976, 0.004951613229999976, 0.004951613229999976, 0.004910138579999976, 0.004910138579999976, 0.004905530289999975, 0.004903226149999975, 0.004910138579999975, 0.004933180029999975, 0.004933180029999976, 0.004935484169999976, 0.004935484169999976, 0.004935484169999976, 0.004935484169999976, 0.004935484169999976, 0.004935484169999976, 0.004935484169999976, 0.004935484169999976, 0.004935484169999976, 0.004935484169999976, 0.004935484169999976, 0.004935484169999976, 0.004935484169999976, 0.004935484169999976, 0.004935484169999976, 0.004935484169999976, 0.004935484169999976, 0.004935484169999976, 0.004935484169999976, 0.004935484169999976, 0.004935484169999976]
std = [0.0, 0.0, 0.0, 0.0, 0.0, 0.0, 0.0, 0.0, 0.0, 0.0, 0.0, 0.0, 0.0, 0.0, 0.0, 0.0, 0.0, 0.0, 0.0, 0.0, 0.0, 0.0, 0.0, 0.0, 0.0, 0.0, 0.0, 0.0, 0.0, 0.0, 0.0, 0.0, 0.0, 0.0, 0.0, 0.0, 0.0, 0.0, 0.0, 0.0, 0.0, 0.0, 0.0, 0.0, 0.0, 0.0, 0.0, 0.0, 0.0, 0.0]
