global cost:
avg = [9.059363098570214, 5.6110707797712545, 3.3150067774859893, 2.297374529455846, 2.002549395553741, 1.8247716872251807, 1.6775958371946622, 1.4537182894693899, 1.350791276002098, 1.2558719643781384, 1.1883879574039602, 1.1351451876727359, 1.0887891501991631, 1.0403696603064998, 0.9999474002577023, 0.9791106627343386, 0.9578207433951376, 0.9137539875009519, 0.8792557532201863, 0.8615497903412858, 0.8372758970823485, 0.8248711239545367, 0.7994843699109813, 0.7864837576396145, 0.7864837576396145, 0.773264601756667, 0.773264601756667, 0.773264601756667, 0.75981549578096, 0.75981549578096, 0.75981549578096, 0.7461240050607104, 0.7461240050607104, 0.7461240050607104, 0.7461240050607104, 0.7391120049488152, 0.7250296539855637, 0.7250296539855637, 0.7250296539855636, 0.7250296539855636, 0.7250296539855636, 0.7250296539855636, 0.7250296539855636, 0.7250296539855636, 0.7250296539855636, 0.7250296539855636, 0.7250296539855636, 0.7250296539855636, 0.7250296539855636, 0.7250296539855636]
std = [0.0, 0.0, 0.0, 0.0, 0.0, 0.0, 0.0, 0.0, 0.0, 0.0, 0.0, 0.0, 0.0, 0.0, 0.0, 0.0, 0.0, 0.0, 0.0, 0.0, 0.0, 0.0, 0.0, 0.0, 0.0, 0.0, 0.0, 0.0, 0.0, 0.0, 0.0, 0.0, 0.0, 0.0, 0.0, 0.0, 0.0, 0.0, 0.0, 0.0, 0.0, 0.0, 0.0, 0.0, 0.0, 0.0, 0.0, 0.0, 0.0, 0.0]
