local cost:
avg = [0.006029953349999947, 0.00540092227999997, 0.00521428656999998, 0.0047465443899999925, 0.004735023589999994, 0.004751152589999993, 0.004739631879999992, 0.004668203319999993, 0.004668203329999992, 0.004686636479999992, 0.004682028159999992, 0.00467972400999999, 0.00467281158999999, 0.004691244709999988, 0.004693548849999988, 0.004686636429999987, 0.0046912447199999865, 0.0046935488599999875, 0.004647465899999987, 0.004638249299999989, 0.004654378349999989, 0.004654378349999989, 0.004654378349999989, 0.0046612907599999885, 0.004677419819999989, 0.004670507389999989, 0.004670507389999989, 0.004670507389999989, 0.004670507329999988, 0.004670507329999988, 0.004670507329999988, 0.004670507329999988, 0.004670507329999988, 0.004670507329999988, 0.004670507329999988, 0.004527650479999988, 0.004527650479999988, 0.004527650479999988, 0.004534562939999987, 0.004534562939999987, 0.004534562939999987, 0.004534562939999987, 0.004534562939999987, 0.004534562939999987, 0.004534562939999987, 0.004534562939999987, 0.004534562939999987, 0.004534562939999987, 0.0044930882899999885, 0.0044930882899999885]
std = [0.0, 0.0, 0.0, 0.0, 0.0, 0.0, 0.0, 0.0, 0.0, 0.0, 0.0, 0.0, 0.0, 0.0, 0.0, 0.0, 0.0, 0.0, 0.0, 0.0, 0.0, 0.0, 0.0, 0.0, 0.0, 0.0, 0.0, 0.0, 0.0, 0.0, 0.0, 0.0, 0.0, 0.0, 0.0, 0.0, 0.0, 0.0, 0.0, 0.0, 0.0, 0.0, 0.0, 0.0, 0.0, 0.0, 0.0, 0.0, 0.0, 0.0]
