global cost:
avg = [9.059363098570214, 5.581596401423727, 3.2426907238671916, 2.4409715483238417, 2.050796133246516, 1.8610472156562143, 1.6496147118841524, 1.5126926346561564, 1.3920213874166798, 1.292161872952478, 1.2011986439389262, 1.1487330537883809, 1.0745413790346707, 0.994832006747614, 0.9632419486019034, 0.9415932976313764, 0.9194350573815793, 0.8967294527003149, 0.8615497903412858, 0.8310333644124485, 0.818533992003779, 0.8058407655142619, 0.7665009258060418, 0.7458419698946857, 0.717665054642013, 0.7031533075747368, 0.7031533075747366, 0.7031533075747366, 0.6883356864584761, 0.688335686458476, 0.6731919938258554, 0.6731919938258554, 0.6731919938258554, 0.6731919938258553, 0.6731919938258552, 0.6576997064391921, 0.6576997064391921, 0.6576997064391921, 0.6576997064391921, 0.6576997064391921, 0.6576997064391921, 0.6576997064391921, 0.6576997064391921, 0.6576997064391921, 0.6576997064391921, 0.6418335821294868, 0.6333364707715334, 0.6333364707715334, 0.6333364707715334, 0.6333364707715334]
std = [0.0, 0.0, 0.0, 0.0, 0.0, 0.0, 0.0, 0.0, 0.0, 0.0, 0.0, 0.0, 0.0, 0.0, 0.0, 0.0, 0.0, 0.0, 0.0, 0.0, 0.0, 0.0, 0.0, 0.0, 0.0, 0.0, 0.0, 0.0, 0.0, 0.0, 0.0, 0.0, 0.0, 0.0, 0.0, 0.0, 0.0, 0.0, 0.0, 0.0, 0.0, 0.0, 0.0, 0.0, 0.0, 0.0, 0.0, 0.0, 0.0, 0.0]
