local cost:
avg = [0.006029953349999947, 0.005391705689999972, 0.005147466299999979, 0.004778802459999991, 0.004790323169999986, 0.004817972899999988, 0.00474193612999999, 0.0047442402899999896, 0.004691244879999991, 0.0047580651299999905, 0.004746544379999992, 0.00481797301999999, 0.004788019079999989, 0.0047926273799999905, 0.004801843949999991, 0.004781106509999993, 0.004776498249999993, 0.004769585819999991, 0.004771889959999992, 0.004702765459999994, 0.004702765469999993, 0.004702765469999993, 0.004711982049999995, 0.0046428583799999965, 0.0046428583799999965, 0.004502304919999997, 0.004493088339999995, 0.004493088339999995, 0.004619816899999995, 0.0044976966299999956, 0.004493088339999995, 0.004626729339999996, 0.004626729339999996, 0.004617512729999995, 0.004617512729999995, 0.004647466639999995, 0.004647466639999995, 0.004647466639999995, 0.004647466639999995, 0.004647466639999995, 0.004645162499999995, 0.004645162499999995, 0.004645162499999995, 0.004645162499999995, 0.004546083709999992, 0.004555300289999993, 0.004552996149999993, 0.004552996149999993, 0.004552996149999993, 0.004552996149999993]
std = [0.0, 0.0, 0.0, 0.0, 0.0, 0.0, 0.0, 0.0, 0.0, 0.0, 0.0, 0.0, 0.0, 0.0, 0.0, 0.0, 0.0, 0.0, 0.0, 0.0, 0.0, 0.0, 0.0, 0.0, 0.0, 0.0, 0.0, 0.0, 0.0, 0.0, 0.0, 0.0, 0.0, 0.0, 0.0, 0.0, 0.0, 0.0, 0.0, 0.0, 0.0, 0.0, 0.0, 0.0, 0.0, 0.0, 0.0, 0.0, 0.0, 0.0]
