global cost:
avg = [9.059363098570214, 5.583443108431153, 3.2522144456904165, 2.3418188007620864, 2.01017818278147, 1.7643642693571593, 1.5923761136601353, 1.4956631323075373, 1.3958325155725384, 1.3199101653215841, 1.2558719643781386, 1.1840869291019571, 1.112255996640097, 1.0745413790346707, 1.0051414220648334, 0.9738858291644984, 0.9305801316615883, 0.8967294527003149, 0.8851582653058012, 0.8615497903412858, 0.8494995494619656, 0.8248711239545367, 0.7994843699109813, 0.7864837576396145, 0.773264601756667, 0.773264601756667, 0.773264601756667, 0.75981549578096, 0.75981549578096, 0.75981549578096, 0.75981549578096, 0.75981549578096, 0.75981549578096, 0.75981549578096, 0.7461240050607104, 0.7461240050607104, 0.7391120049488149, 0.7391120049488148, 0.7250296539855636, 0.7250296539855636, 0.7250296539855636, 0.7250296539855636, 0.7250296539855636, 0.7250296539855635, 0.7250296539855635, 0.7250296539855635, 0.7250296539855635, 0.7250296539855635, 0.7250296539855635, 0.7250296539855635]
std = [0.0, 0.0, 0.0, 0.0, 0.0, 0.0, 0.0, 0.0, 0.0, 0.0, 0.0, 0.0, 0.0, 0.0, 0.0, 0.0, 0.0, 0.0, 0.0, 0.0, 0.0, 0.0, 0.0, 0.0, 0.0, 0.0, 0.0, 0.0, 0.0, 0.0, 0.0, 0.0, 0.0, 0.0, 0.0, 0.0, 0.0, 0.0, 0.0, 0.0, 0.0, 0.0, 0.0, 0.0, 0.0, 0.0, 0.0, 0.0, 0.0, 0.0]
