local cost:
avg = [0.006029953349999947, 0.005391705689999972, 0.005145162159999978, 0.004852535189999985, 0.004804148079999987, 0.004917051249999983, 0.004923963719999983, 0.004850230879999986, 0.004884793129999987, 0.004891705549999987, 0.004788018989999987, 0.004866360079999984, 0.004850231109999984, 0.004850231139999986, 0.004859447719999985, 0.004852535259999987, 0.004857143529999987, 0.004864055929999987, 0.004854839379999988, 0.004912443129999988, 0.004912443129999988, 0.004921659689999986, 0.004923963839999985, 0.004921659699999986, 0.004887097459999985, 0.004887097459999985, 0.004887097459999985, 0.004894009899999986, 0.004894009899999986, 0.004894009899999986, 0.004894009899999986, 0.004894009899999986, 0.004898618189999987, 0.004898618189999987, 0.004799539789999991, 0.004792627349999991, 0.004797235659999991, 0.00480184394999999, 0.00480184394999999, 0.00480184394999999, 0.00480184394999999, 0.00480184394999999, 0.00480184394999999, 0.004767281709999991, 0.004767281709999991, 0.004767281709999991, 0.004767281709999991, 0.004767281709999991, 0.004767281709999991, 0.004767281709999991]
std = [0.0, 0.0, 0.0, 0.0, 0.0, 0.0, 0.0, 0.0, 0.0, 0.0, 0.0, 0.0, 0.0, 0.0, 0.0, 0.0, 0.0, 0.0, 0.0, 0.0, 0.0, 0.0, 0.0, 0.0, 0.0, 0.0, 0.0, 0.0, 0.0, 0.0, 0.0, 0.0, 0.0, 0.0, 0.0, 0.0, 0.0, 0.0, 0.0, 0.0, 0.0, 0.0, 0.0, 0.0, 0.0, 0.0, 0.0, 0.0, 0.0, 0.0]
