global cost:
avg = [9.059363098570214, 5.542673425132014, 3.236326006021685, 2.265744873476547, 1.989558267487155, 1.8499350327780937, 1.674426147809678, 1.5126926346561562, 1.3994077674954106, 1.3080211845815488, 1.235051581515865, 1.1839092316553046, 1.1120668213692944, 1.0743455628364096, 1.03525077231662, 0.9946204978674199, 0.9630235016212956, 0.930354015722966, 0.9079215170761109, 0.8964947989078106, 0.8964947989078106, 0.8964947989078106, 0.8964947989078106, 0.8964947989078106, 0.8964947989078106, 0.8964947989078106, 0.8964947989078106, 0.8964947989078106, 0.8964947989078106, 0.8964947989078106, 0.8964947989078106, 0.8964947989078106, 0.8964947989078106, 0.8964947989078106, 0.8964947989078106, 0.8964947989078106, 0.8964947989078106, 0.8964947989078106, 0.8964947989078106, 0.8964947989078106, 0.8964947989078106, 0.8964947989078106, 0.8964947989078106, 0.8964947989078106, 0.8964947989078106, 0.8964947989078106, 0.8964947989078106, 0.8964947989078106, 0.8964947989078106, 0.8964947989078106]
std = [0.0, 0.0, 0.0, 0.0, 0.0, 0.0, 0.0, 0.0, 0.0, 0.0, 0.0, 0.0, 0.0, 0.0, 0.0, 0.0, 0.0, 0.0, 0.0, 0.0, 0.0, 0.0, 0.0, 0.0, 0.0, 0.0, 0.0, 0.0, 0.0, 0.0, 0.0, 0.0, 0.0, 0.0, 0.0, 0.0, 0.0, 0.0, 0.0, 0.0, 0.0, 0.0, 0.0, 0.0, 0.0, 0.0, 0.0, 0.0, 0.0, 0.0]
