local cost:
avg = [0.006029953349999947, 0.005405530589999969, 0.005149770489999977, 0.004861751799999986, 0.0050599083599999805, 0.004967742479999986, 0.004988479789999985, 0.004967742479999987, 0.0048456226799999886, 0.004834101979999986, 0.004926268279999988, 0.004986176059999987, 0.004850230919999987, 0.004836405929999987, 0.004859447379999987, 0.004827189279999988, 0.004838709979999987, 0.004834101729999986, 0.004836405869999987, 0.004836405869999987, 0.004836405869999987, 0.004836405869999987, 0.004836405869999987, 0.004836405869999987, 0.004836405869999987, 0.004836405869999987, 0.004836405869999987, 0.004836405869999987, 0.004836405869999987, 0.004836405869999987, 0.004836405869999987, 0.004836405869999987, 0.004836405869999987, 0.004836405869999987, 0.004836405869999987, 0.004836405869999987, 0.004836405869999987, 0.004836405869999987, 0.004836405869999987, 0.004836405869999987, 0.004836405869999987, 0.004836405869999987, 0.004838710009999987, 0.004838710009999987, 0.004838710009999987, 0.004838710009999987, 0.004838710009999987, 0.004838710009999987, 0.004838710009999987, 0.004838710009999987]
std = [0.0, 0.0, 0.0, 0.0, 0.0, 0.0, 0.0, 0.0, 0.0, 0.0, 0.0, 0.0, 0.0, 0.0, 0.0, 0.0, 0.0, 0.0, 0.0, 0.0, 0.0, 0.0, 0.0, 0.0, 0.0, 0.0, 0.0, 0.0, 0.0, 0.0, 0.0, 0.0, 0.0, 0.0, 0.0, 0.0, 0.0, 0.0, 0.0, 0.0, 0.0, 0.0, 0.0, 0.0, 0.0, 0.0, 0.0, 0.0, 0.0, 0.0]
