global cost:
avg = [9.059363098570214, 5.588979568328232, 3.239509928052899, 2.350606817186754, 2.0558169511996667, 1.8048022528497234, 1.6307584209690718, 1.5058620289528364, 1.3696232594850182, 1.2680010393564205, 1.1925852696975945, 1.1304555402988954, 1.0838989552016889, 1.03525077231662, 1.0049320830180841, 0.9413698270461403, 0.9192061998653066, 0.8964947989078109, 0.8731928830829385, 0.8492518458411689, 0.8120178739175263, 0.8120178739175262, 0.8120178739175262, 0.8120178739175262, 0.8120178739175262, 0.7992211651730131, 0.799221165173013, 0.7862162006467925, 0.7862162006467925, 0.7729924692119884, 0.7595385446160161, 0.759538544616016, 0.7458419698946854, 0.7458419698946854, 0.7458419698946853, 0.7318891223097622, 0.7318891223097622, 0.7318891223097622, 0.7318891223097622, 0.7318891223097622, 0.7318891223097622, 0.7318891223097622, 0.7318891223097622, 0.7318891223097622, 0.7318891223097622, 0.7318891223097622, 0.7318891223097622, 0.7318891223097622, 0.7318891223097622, 0.7318891223097622]
std = [0.0, 0.0, 0.0, 0.0, 0.0, 0.0, 0.0, 0.0, 0.0, 0.0, 0.0, 0.0, 0.0, 0.0, 0.0, 0.0, 0.0, 0.0, 0.0, 0.0, 0.0, 0.0, 0.0, 0.0, 0.0, 0.0, 0.0, 0.0, 0.0, 0.0, 0.0, 0.0, 0.0, 0.0, 0.0, 0.0, 0.0, 0.0, 0.0, 0.0, 0.0, 0.0, 0.0, 0.0, 0.0, 0.0, 0.0, 0.0, 0.0, 0.0]
