local cost:
avg = [0.006029953349999947, 0.0054055305599999695, 0.005161291169999978, 0.004873272459999985, 0.0047995397099999835, 0.0047926272899999865, 0.0048410143699999875, 0.00478341065999999, 0.00489400974999999, 0.004891705609999989, 0.004900922159999989, 0.004979263209999989, 0.004990783919999988, 0.005009217079999989, 0.0050092178099999905, 0.004884793859999991, 0.00475576120999999, 0.0047557611999999895, 0.0047580653399999905, 0.0049124429499999905, 0.004864055849999991, 0.004868664089999992, 0.004873272399999992, 0.004873272399999992, 0.004873272399999992, 0.004866359959999992, 0.00485714335999999, 0.004850230949999991, 0.004850230949999991, 0.0048479268099999905, 0.004838710259999991, 0.004838710259999991, 0.004857143409999991, 0.004857143409999991, 0.004857143409999991, 0.004854839269999992, 0.004854839269999992, 0.004854839269999992, 0.004854839269999992, 0.00483410197999999, 0.00483410197999999, 0.00483410197999999, 0.004887097329999991, 0.004887097329999991, 0.004887097329999991, 0.004887097329999991, 0.004887097329999991, 0.004887097329999991, 0.004887097329999991, 0.004887097329999991]
std = [0.0, 0.0, 0.0, 0.0, 0.0, 0.0, 0.0, 0.0, 0.0, 0.0, 0.0, 0.0, 0.0, 0.0, 0.0, 0.0, 0.0, 0.0, 0.0, 0.0, 0.0, 0.0, 0.0, 0.0, 0.0, 0.0, 0.0, 0.0, 0.0, 0.0, 0.0, 0.0, 0.0, 0.0, 0.0, 0.0, 0.0, 0.0, 0.0, 0.0, 0.0, 0.0, 0.0, 0.0, 0.0, 0.0, 0.0, 0.0, 0.0, 0.0]
