global cost:
avg = [9.059363098570214, 5.58528920484771, 3.3118954358610133, 2.449403848516727, 2.0558169511996662, 1.8665784997161998, 1.7109688087966255, 1.585888751033415, 1.4712333828243562, 1.3391764805723858, 1.2598444662369763, 1.2097506928709512, 1.148549886593756, 1.102757479452928, 1.0743455628364096, 1.0049320830180841, 0.9630235016212957, 0.94136982704614, 0.907921517076111, 0.8613055522668267, 0.8370245760810141, 0.8120178739175263, 0.7992211651730131, 0.7862162006467928, 0.7862162006467927, 0.7729924692119885, 0.7729924692119885, 0.7729924692119885, 0.7729924692119885, 0.7729924692119884, 0.7729924692119884, 0.7595385446160162, 0.7458419698946857, 0.7458419698946857, 0.7458419698946857, 0.7458419698946857, 0.7458419698946857, 0.7458419698946857, 0.7458419698946857, 0.7458419698946857, 0.7458419698946857, 0.7458419698946857, 0.7458419698946857, 0.7458419698946857, 0.7458419698946857, 0.7458419698946857, 0.7458419698946857, 0.7318891223097622, 0.7318891223097622, 0.7318891223097622]
std = [0.0, 0.0, 0.0, 0.0, 0.0, 0.0, 0.0, 0.0, 0.0, 0.0, 0.0, 0.0, 0.0, 0.0, 0.0, 0.0, 0.0, 0.0, 0.0, 0.0, 0.0, 0.0, 0.0, 0.0, 0.0, 0.0, 0.0, 0.0, 0.0, 0.0, 0.0, 0.0, 0.0, 0.0, 0.0, 0.0, 0.0, 0.0, 0.0, 0.0, 0.0, 0.0, 0.0, 0.0, 0.0, 0.0, 0.0, 0.0, 0.0, 0.0]
