local cost:
avg = [0.006029953349999947, 0.005389401549999971, 0.005140553869999978, 0.004677419979999994, 0.004594470639999995, 0.00455069178, 0.004578341559999999, 0.004541475210000002, 0.0045483876199999985, 0.004612903779999995, 0.004612903779999995, 0.004624424499999996, 0.004578341559999996, 0.004587558119999996, 0.004576037409999996, 0.004541475179999998, 0.0045345627399999994, 0.004776497779999987, 0.004817972449999984, 0.004794931009999985, 0.004889401019999986, 0.004792626869999986, 0.004889401019999986, 0.004905530069999984, 0.004887096859999988, 0.004887096859999988, 0.004887096859999988, 0.004887096859999988, 0.004790322709999987, 0.004758064659999988, 0.004760368809999987, 0.004774193709999987, 0.004753456429999987, 0.004753456429999987, 0.004753456429999987, 0.004741935679999986, 0.004741935679999986, 0.004741935679999986, 0.004753456429999987, 0.004753456429999987, 0.004753456429999987, 0.004755760569999987, 0.004755760569999987, 0.004755760569999987, 0.004755760569999987, 0.004744239819999986, 0.004746543959999987, 0.004847926399999988, 0.004847926399999988, 0.004847926399999988]
std = [0.0, 0.0, 0.0, 0.0, 0.0, 0.0, 0.0, 0.0, 0.0, 0.0, 0.0, 0.0, 0.0, 0.0, 0.0, 0.0, 0.0, 0.0, 0.0, 0.0, 0.0, 0.0, 0.0, 0.0, 0.0, 0.0, 0.0, 0.0, 0.0, 0.0, 0.0, 0.0, 0.0, 0.0, 0.0, 0.0, 0.0, 0.0, 0.0, 0.0, 0.0, 0.0, 0.0, 0.0, 0.0, 0.0, 0.0, 0.0, 0.0, 0.0]
