global cost:
avg = [9.059363098570214, 5.58528920484771, 3.2075284888747273, 2.1775783003983267, 1.89399262910602, 1.5923761136601353, 1.4285714285714288, 1.3314560035604672, 1.2182427080031208, 1.1485498865937558, 1.0743455628364098, 1.02035871961002, 0.9999474002577021, 0.9578207433951375, 0.9360467205625753, 0.9024011264248617, 0.8554844043983124, 0.8310333644124486, 0.8310333644124485, 0.805840765514262, 0.805840765514262, 0.805840765514262, 0.805840765514262, 0.805840765514262, 0.805840765514262, 0.7929443755167073, 0.7665009258060418, 0.7529310144764181, 0.7529310144764181, 0.739112004948815, 0.739112004948815, 0.7391120049488149, 0.7391120049488149, 0.7391120049488149, 0.7391120049488149, 0.7391120049488149, 0.7391120049488149, 0.7391120049488149, 0.7391120049488149, 0.7391120049488149, 0.7391120049488149, 0.7385424714371939, 0.7385424714371938, 0.7318891223097624, 0.7318891223097624, 0.7318891223097624, 0.7318891223097624, 0.7318891223097624, 0.7318891223097624, 0.7318891223097624]
std = [0.0, 0.0, 0.0, 0.0, 0.0, 0.0, 0.0, 0.0, 0.0, 0.0, 0.0, 0.0, 0.0, 0.0, 0.0, 0.0, 0.0, 0.0, 0.0, 0.0, 0.0, 0.0, 0.0, 0.0, 0.0, 0.0, 0.0, 0.0, 0.0, 0.0, 0.0, 0.0, 0.0, 0.0, 0.0, 0.0, 0.0, 0.0, 0.0, 0.0, 0.0, 0.0, 0.0, 0.0, 0.0, 0.0, 0.0, 0.0, 0.0, 0.0]
