local cost:
avg = [0.006029953349999947, 0.005398618099999971, 0.005158986969999979, 0.004912442899999989, 0.004919355289999988, 0.004986175589999987, 0.005062211989999985, 0.004997695869999987, 0.004949308709999987, 0.004912442339999989, 0.00488709670999999, 0.004739631599999989, 0.004658986439999996, 0.004665898869999996, 0.004665898869999996, 0.004767280969999988, 0.004735022879999989, 0.004728110469999989, 0.0047442395199999874, 0.004725806419999989, 0.004725806419999989, 0.004725806419999989, 0.004714285669999988, 0.004725806419999989, 0.004714285669999988, 0.004714285669999988, 0.00470967740999999, 0.004714285699999989, 0.004714285699999989, 0.004728110549999987, 0.004728110549999987, 0.004721198109999988, 0.004721198109999988, 0.004721198109999988, 0.004721198109999988, 0.004721198109999988, 0.004721198109999988, 0.004721198109999988, 0.004721198109999988, 0.004721198109999988, 0.004721198109999988, 0.004721198109999988, 0.004718893959999988, 0.004718893959999988, 0.004718893959999988, 0.004718893959999988, 0.004845622519999988, 0.004845622519999988, 0.004845622519999988, 0.004845622519999988]
std = [0.0, 0.0, 0.0, 0.0, 0.0, 0.0, 0.0, 0.0, 0.0, 0.0, 0.0, 0.0, 0.0, 0.0, 0.0, 0.0, 0.0, 0.0, 0.0, 0.0, 0.0, 0.0, 0.0, 0.0, 0.0, 0.0, 0.0, 0.0, 0.0, 0.0, 0.0, 0.0, 0.0, 0.0, 0.0, 0.0, 0.0, 0.0, 0.0, 0.0, 0.0, 0.0, 0.0, 0.0, 0.0, 0.0, 0.0, 0.0, 0.0, 0.0]
