global cost:
avg = [9.059363098570214, 5.581596401423727, 3.2426907238671916, 2.3418188007620873, 1.9739519826032743, 1.7643642693571595, 1.5988371537015227, 1.4990002980456416, 1.3620753709767073, 1.2761054785988475, 1.2011986439389264, 1.148549886593756, 1.1120668213692941, 1.0743455628364098, 1.03525077231662, 0.9842008829893436, 0.94136982704614, 0.9079215170761108, 0.8613055522668266, 0.8246160223173999, 0.7992211651730131, 0.7729924692119885, 0.7595385446160161, 0.7595385446160161, 0.7595385446160161, 0.7595385446160161, 0.7595385446160161, 0.7595385446160161, 0.7595385446160161, 0.7595385446160161, 0.7458419698946857, 0.7318891223097624, 0.7318891223097622, 0.7176650546420129, 0.7176650546420129, 0.7176650546420129, 0.7176650546420129, 0.7176650546420129, 0.7176650546420129, 0.7176650546420129, 0.7176650546420129, 0.7176650546420129, 0.7176650546420129, 0.7176650546420129, 0.7176650546420129, 0.7176650546420129, 0.7176650546420129, 0.7176650546420129, 0.7176650546420129, 0.7176650546420129]
std = [0.0, 0.0, 0.0, 0.0, 0.0, 0.0, 0.0, 0.0, 0.0, 0.0, 0.0, 0.0, 0.0, 0.0, 0.0, 0.0, 0.0, 0.0, 0.0, 0.0, 0.0, 0.0, 0.0, 0.0, 0.0, 0.0, 0.0, 0.0, 0.0, 0.0, 0.0, 0.0, 0.0, 0.0, 0.0, 0.0, 0.0, 0.0, 0.0, 0.0, 0.0, 0.0, 0.0, 0.0, 0.0, 0.0, 0.0, 0.0, 0.0, 0.0]
