local cost:
avg = [0.006029953349999947, 0.005375576639999974, 0.005133641389999978, 0.004776498319999991, 0.004785714879999987, 0.004815668899999985, 0.004804148159999986, 0.004873272579999985, 0.004829493739999986, 0.004884793229999988, 0.004875576659999988, 0.005048387609999975, 0.005048387609999975, 0.005039171059999975, 0.005048387659999975, 0.0050829498399999765, 0.005069124929999977, 0.005064516619999978, 0.0050668207799999775, 0.0050391709799999795, 0.005029954399999979, 0.005029954399999979, 0.005029954399999979, 0.005034562699999979, 0.005046083449999979, 0.005046083449999979, 0.005046083449999979, 0.005046083449999979, 0.005046083449999979, 0.005046083449999979, 0.005046083449999979, 0.005046083449999979, 0.005046083449999979, 0.00504377930999998, 0.005066820759999979, 0.005156682469999979, 0.00516359487999998, 0.005076037279999979, 0.00508755802999998, 0.005076037279999979, 0.00508755802999998, 0.00508755802999998, 0.00508755802999998, 0.00508294971999998, 0.005076037279999979, 0.005076037279999979, 0.00508294971999998, 0.00508294971999998, 0.00508294971999998, 0.00508294971999998]
std = [0.0, 0.0, 0.0, 0.0, 0.0, 0.0, 0.0, 0.0, 0.0, 0.0, 0.0, 0.0, 0.0, 0.0, 0.0, 0.0, 0.0, 0.0, 0.0, 0.0, 0.0, 0.0, 0.0, 0.0, 0.0, 0.0, 0.0, 0.0, 0.0, 0.0, 0.0, 0.0, 0.0, 0.0, 0.0, 0.0, 0.0, 0.0, 0.0, 0.0, 0.0, 0.0, 0.0, 0.0, 0.0, 0.0, 0.0, 0.0, 0.0, 0.0]
