global cost:
avg = [9.059363098570214, 5.607394955075015, 3.2806197297258795, 2.406946955401852, 1.9582213254686776, 1.7990810474212684, 1.5793747414572936, 1.4357697876859101, 1.2761054785988473, 1.1574909929220014, 1.1027574794529278, 1.0451615752041352, 1.015138930481979, 0.9630235016212956, 0.9303540157229658, 0.8964947989078106, 0.8849205431945428, 0.8849205431945428, 0.8731928830829385, 0.849251845841169, 0.8370245760810143, 0.8246160223173999, 0.8120178739175263, 0.7862162006467928, 0.7862162006467928, 0.7862162006467928, 0.7862162006467928, 0.7862162006467928, 0.7729924692119886, 0.7729924692119885, 0.7595385446160163, 0.7458419698946857, 0.7458419698946857, 0.7458419698946857, 0.7458419698946857, 0.7458419698946857, 0.7458419698946857, 0.7458419698946857, 0.7458419698946857, 0.7458419698946857, 0.7458419698946857, 0.7458419698946857, 0.7458419698946857, 0.7458419698946857, 0.7458419698946857, 0.7458419698946857, 0.7458419698946857, 0.7458419698946857, 0.7458419698946857, 0.7458419698946857]
std = [0.0, 0.0, 0.0, 0.0, 0.0, 0.0, 0.0, 0.0, 0.0, 0.0, 0.0, 0.0, 0.0, 0.0, 0.0, 0.0, 0.0, 0.0, 0.0, 0.0, 0.0, 0.0, 0.0, 0.0, 0.0, 0.0, 0.0, 0.0, 0.0, 0.0, 0.0, 0.0, 0.0, 0.0, 0.0, 0.0, 0.0, 0.0, 0.0, 0.0, 0.0, 0.0, 0.0, 0.0, 0.0, 0.0, 0.0, 0.0, 0.0, 0.0]
