local cost:
avg = [0.006029953349999947, 0.005426267939999966, 0.00518202854999998, 0.004718894659999993, 0.0046451619599999945, 0.004758065269999988, 0.004776498409999985, 0.0048963138599999794, 0.004919355389999978, 0.004917051249999977, 0.004926267749999978, 0.004976958879999978, 0.005069124749999978, 0.0049769588999999765, 0.004808756389999983, 0.004882489099999983, 0.004882489099999983, 0.004907834719999983, 0.004935484449999984, 0.004949309299999983, 0.004937788549999984, 0.004937788549999984, 0.004940092689999985, 0.004944700979999985, 0.004947005119999985, 0.004947005119999985, 0.004953917529999985, 0.004953917529999985, 0.004953917529999985, 0.004937788469999986, 0.004942396759999985, 0.0049400926199999855, 0.0049400926199999855, 0.0049400926199999855, 0.0049400926199999855, 0.0049400926199999855, 0.0049400926199999855, 0.0049400926199999855, 0.0049400926199999855, 0.0049400926199999855, 0.004965438279999986, 0.005062212429999986, 0.005062212429999986, 0.005062212429999986, 0.004967742419999986, 0.004937788469999986, 0.004937788469999986, 0.004937788469999986, 0.004937788469999986, 0.004937788469999986]
std = [0.0, 0.0, 0.0, 0.0, 0.0, 0.0, 0.0, 0.0, 0.0, 0.0, 0.0, 0.0, 0.0, 0.0, 0.0, 0.0, 0.0, 0.0, 0.0, 0.0, 0.0, 0.0, 0.0, 0.0, 0.0, 0.0, 0.0, 0.0, 0.0, 0.0, 0.0, 0.0, 0.0, 0.0, 0.0, 0.0, 0.0, 0.0, 0.0, 0.0, 0.0, 0.0, 0.0, 0.0, 0.0, 0.0, 0.0, 0.0, 0.0, 0.0]
