global cost:
avg = [9.059363098570214, 5.553822110751373, 3.2680256400864693, 2.3940630685124296, 2.015300196802363, 1.743884146577461, 1.6276914140477035, 1.5093857421964922, 1.406904916225318, 1.3393335779370614, 1.2268474392422466, 1.1753481607460285, 1.0935612871073088, 1.0453628581285253, 0.994832006747614, 0.9738858291644984, 0.9415932976313764, 0.9194350573815793, 0.8851582653058012, 0.8615497903412858, 0.8615497903412858, 0.8372758970823485, 0.8248711239545367, 0.7994843699109813, 0.7864837576396145, 0.773264601756667, 0.773264601756667, 0.773264601756667, 0.75981549578096, 0.7461240050607104, 0.7461240050607104, 0.7461240050607104, 0.7321765321469981, 0.7321765321469981, 0.7321765321469981, 0.7321765321469981, 0.7321765321469981, 0.7321765321469981, 0.7321765321469981, 0.7321765321469981, 0.7321765321469981, 0.7321765321469981, 0.7321765321469981, 0.717958158617738, 0.717958158617738, 0.717958158617738, 0.717958158617738, 0.717958158617738, 0.717958158617738, 0.717958158617738]
std = [0.0, 0.0, 0.0, 0.0, 0.0, 0.0, 0.0, 0.0, 0.0, 0.0, 0.0, 0.0, 0.0, 0.0, 0.0, 0.0, 0.0, 0.0, 0.0, 0.0, 0.0, 0.0, 0.0, 0.0, 0.0, 0.0, 0.0, 0.0, 0.0, 0.0, 0.0, 0.0, 0.0, 0.0, 0.0, 0.0, 0.0, 0.0, 0.0, 0.0, 0.0, 0.0, 0.0, 0.0, 0.0, 0.0, 0.0, 0.0, 0.0, 0.0]
