local cost:
avg = [0.006029953349999947, 0.005391705689999972, 0.005147466299999979, 0.0047741941599999905, 0.004979262779999979, 0.004914746649999983, 0.004944700459999985, 0.004942396409999982, 0.004974654519999979, 0.004970046219999978, 0.004970046219999978, 0.004951613049999979, 0.0049331798999999775, 0.004956221349999978, 0.004947004819999976, 0.005085254129999977, 0.0050760375199999765, 0.005085254129999977, 0.005152074389999974, 0.005142857799999974, 0.005013825049999973, 0.005115207489999974, 0.004891705629999984, 0.004884793219999984, 0.004836406189999986, 0.004737327899999985, 0.004737327899999985, 0.004751152789999985, 0.004751152789999985, 0.004732719599999985, 0.004732719599999985, 0.004732719599999985, 0.004732719599999985, 0.004732719599999985, 0.004827189609999985, 0.004827189609999985, 0.004827189609999985, 0.004827189609999985, 0.0047373278999999855, 0.004827189609999985, 0.004817973059999985, 0.004822581349999985, 0.004822581349999985, 0.004822581349999985, 0.004822581349999985, 0.004728111339999985, 0.004728111339999985, 0.004728111339999985, 0.004728111339999985, 0.004728111339999985]
std = [0.0, 0.0, 0.0, 0.0, 0.0, 0.0, 0.0, 0.0, 0.0, 0.0, 0.0, 0.0, 0.0, 0.0, 0.0, 0.0, 0.0, 0.0, 0.0, 0.0, 0.0, 0.0, 0.0, 0.0, 0.0, 0.0, 0.0, 0.0, 0.0, 0.0, 0.0, 0.0, 0.0, 0.0, 0.0, 0.0, 0.0, 0.0, 0.0, 0.0, 0.0, 0.0, 0.0, 0.0, 0.0, 0.0, 0.0, 0.0, 0.0, 0.0]
