global cost:
avg = [9.059363098570214, 5.559388069560708, 3.252214445690417, 2.445191333296338, 2.0230369023912487, 1.7643642693571593, 1.6180654851270637, 1.5058620289528366, 1.4357697876859103, 1.3236904973278987, 1.2097506928709512, 1.1485498865937558, 1.102757479452928, 1.0549792770401796, 0.9946204978674199, 0.9578207433951375, 0.9137539875009523, 0.8909036066106301, 0.8674515103853162, 0.8433475022004301, 0.8185339920037791, 0.805840765514262, 0.8058407655142618, 0.7929443755167072, 0.792944375516707, 0.792944375516707, 0.792944375516707, 0.792944375516707, 0.792944375516707, 0.792944375516707, 0.792944375516707, 0.792944375516707, 0.792944375516707, 0.792944375516707, 0.7798347427260148, 0.7665009258060415, 0.7529310144764179, 0.7529310144764179, 0.7529310144764179, 0.7529310144764179, 0.7529310144764179, 0.7529310144764179, 0.7529310144764179, 0.7529310144764179, 0.7529310144764179, 0.7529310144764179, 0.7529310144764179, 0.7529310144764179, 0.7529310144764179, 0.7529310144764179]
std = [0.0, 0.0, 0.0, 0.0, 0.0, 0.0, 0.0, 0.0, 0.0, 0.0, 0.0, 0.0, 0.0, 0.0, 0.0, 0.0, 0.0, 0.0, 0.0, 0.0, 0.0, 0.0, 0.0, 0.0, 0.0, 0.0, 0.0, 0.0, 0.0, 0.0, 0.0, 0.0, 0.0, 0.0, 0.0, 0.0, 0.0, 0.0, 0.0, 0.0, 0.0, 0.0, 0.0, 0.0, 0.0, 0.0, 0.0, 0.0, 0.0, 0.0]
