local cost:
avg = [0.006029953349999947, 0.005391705689999972, 0.005140553879999977, 0.004949309439999986, 0.004859447589999989, 0.00506221213999998, 0.00510368686999998, 0.00517741955999998, 0.0052165899899999785, 0.005186636029999978, 0.0051635945999999764, 0.005165898739999977, 0.005154378019999975, 0.005156682159999976, 0.005129032399999976, 0.0051313365499999755, 0.005126728199999977, 0.0051198157899999775, 0.0051198157899999775, 0.005059907929999981, 0.00505299543999998, 0.0050437788599999814, 0.005039170569999982, 0.005039170569999982, 0.004993087619999985, 0.005000000029999984, 0.004993087619999985, 0.004993087619999985, 0.004993087619999985, 0.004993087619999985, 0.004993087619999985, 0.004993087619999985, 0.004993087619999985, 0.005000000059999985, 0.004997695919999986, 0.004997695919999986, 0.004997695919999986, 0.004976958609999986, 0.004976958609999986, 0.004976958609999986, 0.004976958609999986, 0.004986175159999987, 0.004986175159999987, 0.004986175159999987, 0.004986175159999987, 0.004986175159999987, 0.004986175159999987, 0.004983871019999986, 0.0049907834299999865, 0.0049907834299999865]
std = [0.0, 0.0, 0.0, 0.0, 0.0, 0.0, 0.0, 0.0, 0.0, 0.0, 0.0, 0.0, 0.0, 0.0, 0.0, 0.0, 0.0, 0.0, 0.0, 0.0, 0.0, 0.0, 0.0, 0.0, 0.0, 0.0, 0.0, 0.0, 0.0, 0.0, 0.0, 0.0, 0.0, 0.0, 0.0, 0.0, 0.0, 0.0, 0.0, 0.0, 0.0, 0.0, 0.0, 0.0, 0.0, 0.0, 0.0, 0.0, 0.0, 0.0]
