global cost:
avg = [9.059363098570214, 5.475304617683617, 3.3118954358610133, 2.4197622437382846, 2.07080636635659, 1.8443538350323818, 1.6927960877116446, 1.526262140113895, 1.4319914878559212, 1.3504797286818027, 1.2718529516300872, 1.1880338225656102, 1.1164568553919174, 1.0352507723166202, 1.004932083018084, 0.9630235016212957, 0.8964947989078107, 0.8674515103853163, 0.8433475022004301, 0.818533992003779, 0.8058407655142618, 0.792944375516707, 0.7665009258060416, 0.752931014476418, 0.752931014476418, 0.7529310144764179, 0.7529310144764179, 0.7529310144764179, 0.7529310144764179, 0.7529310144764179, 0.7529310144764179, 0.7529310144764179, 0.7529310144764179, 0.7529310144764179, 0.7391120049488149, 0.7250296539855635, 0.7250296539855635, 0.7250296539855635, 0.7250296539855635, 0.7250296539855635, 0.7250296539855635, 0.7250296539855635, 0.7250296539855635, 0.7250296539855635, 0.7250296539855635, 0.7250296539855635, 0.7250296539855635, 0.7250296539855635, 0.7250296539855635, 0.7250296539855635]
std = [0.0, 0.0, 0.0, 0.0, 0.0, 0.0, 0.0, 0.0, 0.0, 0.0, 0.0, 0.0, 0.0, 0.0, 0.0, 0.0, 0.0, 0.0, 0.0, 0.0, 0.0, 0.0, 0.0, 0.0, 0.0, 0.0, 0.0, 0.0, 0.0, 0.0, 0.0, 0.0, 0.0, 0.0, 0.0, 0.0, 0.0, 0.0, 0.0, 0.0, 0.0, 0.0, 0.0, 0.0, 0.0, 0.0, 0.0, 0.0, 0.0, 0.0]
