local cost:
avg = [0.006029953349999947, 0.0053824891199999725, 0.005161291199999978, 0.004785714919999989, 0.004725807059999989, 0.004746544379999991, 0.004728111159999992, 0.00473271943999999, 0.004730415249999992, 0.004707373749999994, 0.004709677929999991, 0.004817972569999987, 0.00470737385999999, 0.004744240229999988, 0.004758065119999988, 0.004785714859999989, 0.004801843849999989, 0.004804147999999987, 0.004794931429999987, 0.004695853419999987, 0.004698157579999986, 0.004834101999999985, 0.004831797859999986, 0.004831797859999986, 0.004831797859999986, 0.004827189569999986, 0.004827189569999986, 0.004827189569999986, 0.004827189569999986, 0.004827189569999986, 0.004827189569999986, 0.004914747169999987, 0.004914747169999987, 0.004822581299999986, 0.004824885439999986, 0.004797235689999986, 0.004797235689999986, 0.004797235689999986, 0.004797235689999986, 0.004797235689999986, 0.004804148129999988, 0.004804148129999988, 0.004804148129999988, 0.004804148129999988, 0.004797235689999986, 0.004797235689999986, 0.004797235689999986, 0.004797235689999986, 0.004797235689999986, 0.004797235689999986]
std = [0.0, 0.0, 0.0, 0.0, 0.0, 0.0, 0.0, 0.0, 0.0, 0.0, 0.0, 0.0, 0.0, 0.0, 0.0, 0.0, 0.0, 0.0, 0.0, 0.0, 0.0, 0.0, 0.0, 0.0, 0.0, 0.0, 0.0, 0.0, 0.0, 0.0, 0.0, 0.0, 0.0, 0.0, 0.0, 0.0, 0.0, 0.0, 0.0, 0.0, 0.0, 0.0, 0.0, 0.0, 0.0, 0.0, 0.0, 0.0, 0.0, 0.0]
