global cost:
avg = [9.059363098570214, 5.581596401423727, 3.2426907238671916, 2.3462169235396395, 2.0483581454281703, 1.830412594799234, 1.5957087941913017, 1.4537182894693899, 1.312076326978816, 1.272183754146022, 1.1970315342562146, 1.1441910477702584, 1.0982169049383856, 1.0203587196100201, 0.9791106627343386, 0.9360467205625754, 0.9024011264248616, 0.8792557532201863, 0.8792557532201863, 0.8433475022004301, 0.8310333644124485, 0.8058407655142619, 0.792944375516707, 0.7665009258060415, 0.7529310144764179, 0.739112004948815, 0.7391120049488148, 0.7250296539855635, 0.7106683069177879, 0.6960106937083397, 0.6960106937083397, 0.6960106937083397, 0.6960106937083397, 0.6960106937083397, 0.6960106937083397, 0.6960106937083397, 0.6960106937083397, 0.6960106937083397, 0.6960106937083397, 0.6960106937083397, 0.6960106937083397, 0.6960106937083397, 0.6960106937083397, 0.6960106937083397, 0.6960106937083397, 0.6960106937083397, 0.6960106937083397, 0.6960106937083397, 0.6960106937083397, 0.6960106937083397]
std = [0.0, 0.0, 0.0, 0.0, 0.0, 0.0, 0.0, 0.0, 0.0, 0.0, 0.0, 0.0, 0.0, 0.0, 0.0, 0.0, 0.0, 0.0, 0.0, 0.0, 0.0, 0.0, 0.0, 0.0, 0.0, 0.0, 0.0, 0.0, 0.0, 0.0, 0.0, 0.0, 0.0, 0.0, 0.0, 0.0, 0.0, 0.0, 0.0, 0.0, 0.0, 0.0, 0.0, 0.0, 0.0, 0.0, 0.0, 0.0, 0.0, 0.0]
