local cost:
avg = [0.006029953349999947, 0.005398618129999971, 0.0051589870399999785, 0.00478341075999999, 0.004751152629999991, 0.004709677959999988, 0.004910138439999982, 0.0050069125999999825, 0.0050184332899999825, 0.005216590459999982, 0.005101382579999979, 0.0051198157399999795, 0.0051244240499999805, 0.00512903240999998, 0.005138248969999982, 0.005126728289999983, 0.005126728289999983, 0.005145161509999982, 0.0052396311699999705, 0.005237327029999971, 0.00523502288999997, 0.005096774329999968, 0.005087557729999968, 0.00509447013999997, 0.005126728139999967, 0.005126728139999967, 0.005129032279999968, 0.005006912479999968, 0.005000000039999968, 0.005000000039999968, 0.005000000039999968, 0.005000000039999968, 0.005000000039999968, 0.005000000039999968, 0.005000000039999968, 0.005000000039999968, 0.005000000039999968, 0.005000000039999968, 0.005000000039999968, 0.005000000039999968, 0.005000000039999968, 0.005000000039999968, 0.005000000039999968, 0.005000000039999968, 0.005000000039999968, 0.005000000039999968, 0.005000000039999968, 0.005000000039999968, 0.005000000039999968, 0.005000000039999968]
std = [0.0, 0.0, 0.0, 0.0, 0.0, 0.0, 0.0, 0.0, 0.0, 0.0, 0.0, 0.0, 0.0, 0.0, 0.0, 0.0, 0.0, 0.0, 0.0, 0.0, 0.0, 0.0, 0.0, 0.0, 0.0, 0.0, 0.0, 0.0, 0.0, 0.0, 0.0, 0.0, 0.0, 0.0, 0.0, 0.0, 0.0, 0.0, 0.0, 0.0, 0.0, 0.0, 0.0, 0.0, 0.0, 0.0, 0.0, 0.0, 0.0, 0.0]
