local cost:
avg = [0.006029953349999947, 0.005391705689999972, 0.005294931559999976, 0.004926267719999982, 0.004933180139999978, 0.004963134159999974, 0.0049516134199999754, 0.005023041979999975, 0.005057604159999976, 0.005050691679999978, 0.004970046469999983, 0.005094470869999978, 0.005108295699999977, 0.005223503079999977, 0.0052258071799999774, 0.005230415469999978, 0.005131337179999976, 0.005131337199999977, 0.005225807239999977, 0.005218894799999976, 0.005172811839999975, 0.005320277179999978, 0.005306452269999978, 0.005313364709999979, 0.005317972999999979, 0.005317972999999979, 0.005182028599999979, 0.005085254449999978, 0.005085254449999978, 0.005085254449999978, 0.005085254449999978, 0.005085254449999978, 0.005085254449999978, 0.005080646159999978, 0.005207374719999979, 0.005207374719999979, 0.005071429559999978, 0.005064517119999977, 0.005064517119999977, 0.005064517119999977, 0.005064517119999977, 0.005161291269999978, 0.005161291269999978, 0.005161291269999978, 0.0051658995599999785, 0.0051658995599999785, 0.0051658995599999785, 0.0051658995599999785, 0.0051658995599999785, 0.0051658995599999785]
std = [0.0, 0.0, 0.0, 0.0, 0.0, 0.0, 0.0, 0.0, 0.0, 0.0, 0.0, 0.0, 0.0, 0.0, 0.0, 0.0, 0.0, 0.0, 0.0, 0.0, 0.0, 0.0, 0.0, 0.0, 0.0, 0.0, 0.0, 0.0, 0.0, 0.0, 0.0, 0.0, 0.0, 0.0, 0.0, 0.0, 0.0, 0.0, 0.0, 0.0, 0.0, 0.0, 0.0, 0.0, 0.0, 0.0, 0.0, 0.0, 0.0, 0.0]
