global cost:
avg = [2.9409827166041995, 1.9397890094596073, 1.4572959000169408, 1.218415398160343, 1.0453628581285253, 0.9194350573815793, 0.8372758970823485, 0.7461240050607104, 0.703452458112659, 0.6580195215353793, 0.6259014118210532, 0.6092076990801715, 0.6092076990801715, 0.6092076990801715, 0.6092076990801715, 0.6092076990801715, 0.6092076990801715, 0.6092076990801715, 0.6092076990801715, 0.6092076990801715, 0.6092076990801715, 0.6092076990801715, 0.6092076990801715, 0.6092076990801715, 0.6092076990801715, 0.6092076990801715, 0.6092076990801715, 0.6092076990801715, 0.6092076990801715, 0.6092076990801715, 0.6092076990801715, 0.5743665268941904, 0.5743665268941904, 0.5743665268941904, 0.5743665268941904, 0.5743665268941904, 0.5743665268941904, 0.5743665268941904, 0.5743665268941904, 0.5743665268941904, 0.5743665268941904, 0.5743665268941904, 0.5743665268941904, 0.5743665268941904, 0.5743665268941904, 0.5743665268941904, 0.5743665268941904, 0.5743665268941904, 0.5743665268941904, 0.5743665268941904]
std = [0.0, 0.0, 0.0, 0.0, 0.0, 0.0, 0.0, 0.0, 0.0, 0.0, 0.0, 0.0, 0.0, 0.0, 0.0, 0.0, 0.0, 0.0, 0.0, 0.0, 0.0, 0.0, 0.0, 0.0, 0.0, 0.0, 0.0, 0.0, 0.0, 0.0, 0.0, 0.0, 0.0, 0.0, 0.0, 0.0, 0.0, 0.0, 0.0, 0.0, 0.0, 0.0, 0.0, 0.0, 0.0, 0.0, 0.0, 0.0, 0.0, 0.0]
