local cost:
avg = [0.006474654249999984, 0.0067741939499999905, 0.006762673299999989, 0.007937789049999998, 0.0077880196499999985, 0.007834102150000001, 0.007177420449999996, 0.006774194649999997, 0.0068087568499999975, 0.0068087568499999975, 0.006797236149999998, 0.0068087568499999975, 0.0068087568499999975, 0.0068087568499999975, 0.0068087568499999975, 0.0068087568499999975, 0.0068087568499999975, 0.0068087568499999975, 0.006854839599999998, 0.006854839599999998, 0.006854839599999998, 0.006854839599999998, 0.006854839599999998, 0.006854839599999998, 0.006854839599999998, 0.006854839599999998, 0.0068087568499999975, 0.0068087568499999975, 0.0068087568499999975, 0.0068087568499999975, 0.0068087568499999975, 0.006774194649999997, 0.006774194649999997, 0.006774194649999997, 0.006774194649999997, 0.006774194649999997, 0.006774194649999997, 0.006774194649999997, 0.006774194649999997, 0.006774194649999997, 0.006774194649999997, 0.006774194649999997, 0.006774194649999997, 0.006774194649999997, 0.006774194649999997, 0.006774194649999997, 0.006774194649999997, 0.006774194649999997, 0.006774194649999997, 0.006774194649999997]
std = [0.0, 0.0, 0.0, 0.0, 0.0, 0.0, 0.0, 0.0, 0.0, 0.0, 0.0, 0.0, 0.0, 0.0, 0.0, 0.0, 0.0, 0.0, 0.0, 0.0, 0.0, 0.0, 0.0, 0.0, 0.0, 0.0, 0.0, 0.0, 0.0, 0.0, 0.0, 0.0, 0.0, 0.0, 0.0, 0.0, 0.0, 0.0, 0.0, 0.0, 0.0, 0.0, 0.0, 0.0, 0.0, 0.0, 0.0, 0.0, 0.0, 0.0]
