global cost:
avg = [3.533114430281794, 1.7537087803133502, 1.4608554603452217, 1.253675885159442, 1.0752294775869813, 0.9195499598976175, 0.8069126904289318, 0.7397341888252137, 0.6934977181217774, 0.6564014723345778, 0.6196099066311199, 0.5759248321935065, 0.5442403439432492, 0.5303036308117506, 0.5192407103755529, 0.506439583030048, 0.506050506864456, 0.5029038991497861, 0.4962396189533898, 0.4945631634850805, 0.4914975029080998, 0.4914975029080998, 0.4914975029080998, 0.4914975029080998, 0.4914975029080998, 0.4914975029080998, 0.4914975029080998, 0.4914975029080998, 0.4914975029080998, 0.4914975029080998, 0.4914975029080998, 0.4914975029080998, 0.4914975029080998, 0.4914975029080998, 0.4914975029080998, 0.4914975029080998, 0.4914975029080998, 0.4914975029080998, 0.4914975029080998, 0.4914975029080998, 0.4914975029080998, 0.4914975029080998, 0.4914975029080998, 0.4914975029080998, 0.4914975029080998, 0.4914975029080998, 0.4914975029080998, 0.4914975029080998, 0.4914975029080998, 0.4914975029080998]
std = [0.0, 0.0, 0.0, 0.0, 0.0, 0.0, 0.0, 0.0, 0.0, 0.0, 0.0, 0.0, 0.0, 0.0, 0.0, 0.0, 0.0, 0.0, 0.0, 0.0, 0.0, 0.0, 0.0, 0.0, 0.0, 0.0, 0.0, 0.0, 0.0, 0.0, 0.0, 0.0, 0.0, 0.0, 0.0, 0.0, 0.0, 0.0, 0.0, 0.0, 0.0, 0.0, 0.0, 0.0, 0.0, 0.0, 0.0, 0.0, 0.0, 0.0]
