local cost:
avg = [0.057034722222222285, 0.018833333333333414, 0.019527777777777863, 0.014097222222222254, 0.01479166666666671, 0.01333333333333337, 0.01359722222222226, 0.013763888888888926, 0.012534722222222256, 0.013131944444444479, 0.013562500000000033, 0.013597222222222255, 0.018263888888888975, 0.01783333333333342, 0.01753472222222231, 0.017236111111111195, 0.017236111111111195, 0.01736805555555564, 0.01736805555555564, 0.01753472222222231, 0.01753472222222231, 0.01753472222222231, 0.01753472222222231, 0.01753472222222231, 0.01753472222222231, 0.01753472222222231, 0.01753472222222231, 0.01753472222222231, 0.01753472222222231, 0.01753472222222231, 0.01753472222222231, 0.01753472222222231, 0.01753472222222231, 0.01753472222222231, 0.01753472222222231, 0.01753472222222231, 0.01753472222222231, 0.01753472222222231, 0.01753472222222231, 0.01753472222222231, 0.01753472222222231, 0.01753472222222231, 0.01753472222222231, 0.01753472222222231, 0.01753472222222231, 0.01753472222222231, 0.01753472222222231, 0.01753472222222231, 0.01753472222222231, 0.01753472222222231]
std = [0.0, 0.0, 0.0, 0.0, 0.0, 0.0, 0.0, 0.0, 0.0, 0.0, 0.0, 0.0, 0.0, 0.0, 0.0, 0.0, 0.0, 0.0, 0.0, 0.0, 0.0, 0.0, 0.0, 0.0, 0.0, 0.0, 0.0, 0.0, 0.0, 0.0, 0.0, 0.0, 0.0, 0.0, 0.0, 0.0, 0.0, 0.0, 0.0, 0.0, 0.0, 0.0, 0.0, 0.0, 0.0, 0.0, 0.0, 0.0, 0.0, 0.0]
