global cost:
avg = [3.533114430281794, 1.6738785120645496, 1.3271310950190298, 1.0572795282496197, 0.8572486827733242, 0.7938842019842085, 0.6966075472068163, 0.6693101221625264, 0.6036002132051607, 0.5831281485660761, 0.5637198385462602, 0.5427468103242976, 0.5305240422102083, 0.5170824712427095, 0.5026736231595603, 0.5005933660567978, 0.5005933660567978, 0.5005933660567978, 0.5005933660567978, 0.5005933660567978, 0.5005933660567978, 0.5005933660567978, 0.5005933660567978, 0.5005933660567978, 0.5005933660567978, 0.5005933660567978, 0.5005933660567978, 0.5005933660567978, 0.5005933660567978, 0.5005933660567978, 0.5005933660567978, 0.5005933660567978, 0.5005933660567978, 0.5005933660567978, 0.5005933660567978, 0.5005933660567978, 0.5005933660567978, 0.5005933660567978, 0.5005933660567978, 0.5005933660567978, 0.5005933660567978, 0.5005933660567978, 0.5005933660567978, 0.5005933660567978, 0.5005933660567978, 0.5005933660567978, 0.5005933660567978, 0.5005933660567978, 0.5005933660567978, 0.5005933660567978]
std = [0.0, 0.0, 0.0, 0.0, 0.0, 0.0, 0.0, 0.0, 0.0, 0.0, 0.0, 0.0, 0.0, 0.0, 0.0, 0.0, 0.0, 0.0, 0.0, 0.0, 0.0, 0.0, 0.0, 0.0, 0.0, 0.0, 0.0, 0.0, 0.0, 0.0, 0.0, 0.0, 0.0, 0.0, 0.0, 0.0, 0.0, 0.0, 0.0, 0.0, 0.0, 0.0, 0.0, 0.0, 0.0, 0.0, 0.0, 0.0, 0.0, 0.0]
