local cost:
avg = [0.057034722222222285, 0.01896527777777786, 0.0191597222222223, 0.023597222222222297, 0.013736111111111149, 0.014000000000000042, 0.012937500000000015, 0.013666666666666698, 0.013201388888888919, 0.013069444444444476, 0.01336805555555559, 0.017402777777777857, 0.01783333333333342, 0.01783333333333342, 0.018000000000000085, 0.01783333333333342, 0.01783333333333342, 0.01783333333333342, 0.01783333333333342, 0.01783333333333342, 0.01783333333333342, 0.01783333333333342, 0.01783333333333342, 0.01783333333333342, 0.01783333333333342, 0.01783333333333342, 0.01783333333333342, 0.01783333333333342, 0.01783333333333342, 0.01783333333333342, 0.01783333333333342, 0.01783333333333342, 0.01783333333333342, 0.01783333333333342, 0.01783333333333342, 0.01783333333333342, 0.01783333333333342, 0.01783333333333342, 0.01783333333333342, 0.01783333333333342, 0.01783333333333342, 0.01783333333333342, 0.01783333333333342, 0.01783333333333342, 0.01783333333333342, 0.01783333333333342, 0.01783333333333342, 0.01783333333333342, 0.01783333333333342, 0.01783333333333342]
std = [0.0, 0.0, 0.0, 0.0, 0.0, 0.0, 0.0, 0.0, 0.0, 0.0, 0.0, 0.0, 0.0, 0.0, 0.0, 0.0, 0.0, 0.0, 0.0, 0.0, 0.0, 0.0, 0.0, 0.0, 0.0, 0.0, 0.0, 0.0, 0.0, 0.0, 0.0, 0.0, 0.0, 0.0, 0.0, 0.0, 0.0, 0.0, 0.0, 0.0, 0.0, 0.0, 0.0, 0.0, 0.0, 0.0, 0.0, 0.0, 0.0, 0.0]
