global cost:
avg = [9.059363098570214, 5.592667496695337, 3.2363260060216845, 2.3940630685124296, 2.1297092964429103, 1.8499350327780937, 1.7109688087966255, 1.5923761136601349, 1.4921070125295606, 1.331456003560467, 1.2309990742514436, 1.1709094003810436, 1.0792790449602854, 1.0304127684502125, 1.0102046129290683, 0.9578207433951377, 0.9249675163890465, 0.9024011264248617, 0.8792557532201863, 0.8554844043983124, 0.8433475022004301, 0.8310333644124485, 0.8185339920037791, 0.805840765514262, 0.8058407655142619, 0.792944375516707, 0.792944375516707, 0.792944375516707, 0.792944375516707, 0.792944375516707, 0.792944375516707, 0.792944375516707, 0.792944375516707, 0.792944375516707, 0.792944375516707, 0.792944375516707, 0.792944375516707, 0.792944375516707, 0.792944375516707, 0.792944375516707, 0.792944375516707, 0.792944375516707, 0.792944375516707, 0.792944375516707, 0.792944375516707, 0.792944375516707, 0.792944375516707, 0.792944375516707, 0.792944375516707, 0.792944375516707]
std = [0.0, 0.0, 0.0, 0.0, 0.0, 0.0, 0.0, 0.0, 0.0, 0.0, 0.0, 0.0, 0.0, 0.0, 0.0, 0.0, 0.0, 0.0, 0.0, 0.0, 0.0, 0.0, 0.0, 0.0, 0.0, 0.0, 0.0, 0.0, 0.0, 0.0, 0.0, 0.0, 0.0, 0.0, 0.0, 0.0, 0.0, 0.0, 0.0, 0.0, 0.0, 0.0, 0.0, 0.0, 0.0, 0.0, 0.0, 0.0, 0.0, 0.0]
