local cost:
avg = [0.006029953349999947, 0.005391705689999972, 0.005142858019999978, 0.004815668859999987, 0.004841014459999989, 0.0047995397499999886, 0.004647466359999988, 0.004617512439999988, 0.004612904109999988, 0.004631337329999985, 0.004633641429999987, 0.00457834188999999, 0.0046267289399999885, 0.004714286509999989, 0.0048410150599999925, 0.004788019679999995, 0.004792628029999997, 0.004769586519999997, 0.004760369929999997, 0.004753457489999996, 0.004767282339999996, 0.004769586489999996, 0.004764978189999995, 0.004764978189999995, 0.004758065749999995, 0.004785715499999995, 0.004785715499999995, 0.004785715499999995, 0.004785715499999995, 0.004785715499999995, 0.004785715499999995, 0.004785715499999995, 0.004785715499999995, 0.004785715499999995, 0.004785715499999995, 0.004785715499999995, 0.004785715499999995, 0.004785715499999995, 0.004788019639999995, 0.004788019639999995, 0.004788019639999995, 0.004788019639999995, 0.004788019639999995, 0.004788019639999995, 0.004788019639999995, 0.004788019639999995, 0.004788019639999995, 0.004788019639999995, 0.004788019639999995, 0.004788019639999995]
std = [0.0, 0.0, 0.0, 0.0, 0.0, 0.0, 0.0, 0.0, 0.0, 0.0, 0.0, 0.0, 0.0, 0.0, 0.0, 0.0, 0.0, 0.0, 0.0, 0.0, 0.0, 0.0, 0.0, 0.0, 0.0, 0.0, 0.0, 0.0, 0.0, 0.0, 0.0, 0.0, 0.0, 0.0, 0.0, 0.0, 0.0, 0.0, 0.0, 0.0, 0.0, 0.0, 0.0, 0.0, 0.0, 0.0, 0.0, 0.0, 0.0, 0.0]
