global cost:
avg = [9.059363098570214, 5.590823836599706, 3.299420729654357, 2.3637275814077925, 2.0230369023912487, 1.8360361717299296, 1.608578151431108, 1.4250693450964709, 1.335439986641599, 1.2640541711540827, 1.214134097785681, 1.1709094003810436, 1.0982169049383856, 1.0304127684502125, 1.0102046129290683, 0.9791106627343388, 0.9578207433951376, 0.9360467205625754, 0.9137539875009522, 0.9024011264248617, 0.8792557532201863, 0.8554844043983124, 0.8372758970823485, 0.8122769321068952, 0.7864837576396145, 0.773264601756667, 0.7461240050607104, 0.7461240050607104, 0.7461240050607104, 0.7321765321469981, 0.717958158617738, 0.717958158617738, 0.717958158617738, 0.717958158617738, 0.717958158617738, 0.717958158617738, 0.717958158617738, 0.717958158617738, 0.717958158617738, 0.717958158617738, 0.717958158617738, 0.717958158617738, 0.717958158617738, 0.717958158617738, 0.703452458112659, 0.703452458112659, 0.703452458112659, 0.703452458112659, 0.703452458112659, 0.703452458112659]
std = [0.0, 0.0, 0.0, 0.0, 0.0, 0.0, 0.0, 0.0, 0.0, 0.0, 0.0, 0.0, 0.0, 0.0, 0.0, 0.0, 0.0, 0.0, 0.0, 0.0, 0.0, 0.0, 0.0, 0.0, 0.0, 0.0, 0.0, 0.0, 0.0, 0.0, 0.0, 0.0, 0.0, 0.0, 0.0, 0.0, 0.0, 0.0, 0.0, 0.0, 0.0, 0.0, 0.0, 0.0, 0.0, 0.0, 0.0, 0.0, 0.0, 0.0]
