local cost:
avg = [0.006029953349999947, 0.0053940098299999715, 0.005152074569999978, 0.0048248853899999855, 0.004762673399999988, 0.004767281509999986, 0.004762673229999987, 0.0047096778999999875, 0.004716590339999989, 0.004672811499999987, 0.004677419829999988, 0.0046589866199999875, 0.004672811529999988, 0.004682028109999988, 0.004675115669999987, 0.004679723949999987, 0.004679723959999986, 0.004723502759999985, 0.0047788023699999824, 0.004804147969999984, 0.004783410669999985, 0.004790323059999986, 0.004799539659999985, 0.004845622609999986, 0.00496313373999998, 0.004967742029999981, 0.004967742029999981, 0.004967742029999981, 0.004967742029999981, 0.004960829569999984, 0.004960829569999984, 0.004960829569999984, 0.004960829569999984, 0.004960829569999984, 0.004960829569999984, 0.004965437869999984, 0.004965437869999984, 0.004965437869999984, 0.004965437869999984, 0.004965437869999984, 0.004965437869999984, 0.004965437869999984, 0.004965437869999984, 0.004960829569999984, 0.004963133709999984, 0.004963133709999984, 0.004963133709999984, 0.004963133709999984, 0.004963133709999984, 0.004963133709999984]
std = [0.0, 0.0, 0.0, 0.0, 0.0, 0.0, 0.0, 0.0, 0.0, 0.0, 0.0, 0.0, 0.0, 0.0, 0.0, 0.0, 0.0, 0.0, 0.0, 0.0, 0.0, 0.0, 0.0, 0.0, 0.0, 0.0, 0.0, 0.0, 0.0, 0.0, 0.0, 0.0, 0.0, 0.0, 0.0, 0.0, 0.0, 0.0, 0.0, 0.0, 0.0, 0.0, 0.0, 0.0, 0.0, 0.0, 0.0, 0.0, 0.0, 0.0]
