global cost:
avg = [3.533114430281794, 1.736865519295823, 1.4054415311880202, 1.1175847155734866, 0.9761004676986558, 0.8580806769811051, 0.7705548948889428, 0.7224595180511296, 0.6660074047849183, 0.5998656054943152, 0.5741599797478217, 0.546465158122714, 0.525271205667723, 0.5175862587755228, 0.5061991590869306, 0.5061991590869306, 0.5061991590869306, 0.5061991590869306, 0.5061991590869306, 0.5061991590869306, 0.5061991590869306, 0.5061991590869306, 0.5061991590869306, 0.5061991590869306, 0.5061991590869306, 0.5061991590869306, 0.5061991590869306, 0.5061991590869306, 0.5061991590869306, 0.5061991590869306, 0.5061991590869306, 0.5061991590869306, 0.5061991590869306, 0.5061991590869306, 0.5061991590869306, 0.5061991590869306, 0.5061991590869306, 0.5061991590869306, 0.5061991590869306, 0.5061991590869306, 0.5061991590869306, 0.5061991590869306, 0.5061991590869306, 0.5061991590869306, 0.5061991590869306, 0.5061991590869306, 0.5061991590869306, 0.5061991590869306, 0.5061991590869306, 0.5061991590869306]
std = [0.0, 0.0, 0.0, 0.0, 0.0, 0.0, 0.0, 0.0, 0.0, 0.0, 0.0, 0.0, 0.0, 0.0, 0.0, 0.0, 0.0, 0.0, 0.0, 0.0, 0.0, 0.0, 0.0, 0.0, 0.0, 0.0, 0.0, 0.0, 0.0, 0.0, 0.0, 0.0, 0.0, 0.0, 0.0, 0.0, 0.0, 0.0, 0.0, 0.0, 0.0, 0.0, 0.0, 0.0, 0.0, 0.0, 0.0, 0.0, 0.0, 0.0]
