local cost:
avg = [0.057034722222222285, 0.018930555555555634, 0.024986111111111195, 0.028229166666666753, 0.028555555555555636, 0.024090277777777856, 0.022833333333333414, 0.018895833333333386, 0.01893055555555561, 0.019493055555555604, 0.019159722222222272, 0.019027777777777827, 0.018729166666666717, 0.01886111111111116, 0.018694444444444493, 0.018694444444444493, 0.018694444444444493, 0.018694444444444493, 0.018694444444444493, 0.018694444444444493, 0.018694444444444493, 0.018694444444444493, 0.018694444444444493, 0.018694444444444493, 0.018694444444444493, 0.018694444444444493, 0.018694444444444493, 0.018694444444444493, 0.018694444444444493, 0.018694444444444493, 0.018694444444444493, 0.018694444444444493, 0.018694444444444493, 0.018694444444444493, 0.018694444444444493, 0.018694444444444493, 0.018694444444444493, 0.018694444444444493, 0.018694444444444493, 0.018694444444444493, 0.018694444444444493, 0.018694444444444493, 0.018694444444444493, 0.018694444444444493, 0.018694444444444493, 0.018694444444444493, 0.018694444444444493, 0.018694444444444493, 0.018694444444444493, 0.018694444444444493]
std = [0.0, 0.0, 0.0, 0.0, 0.0, 0.0, 0.0, 0.0, 0.0, 0.0, 0.0, 0.0, 0.0, 0.0, 0.0, 0.0, 0.0, 0.0, 0.0, 0.0, 0.0, 0.0, 0.0, 0.0, 0.0, 0.0, 0.0, 0.0, 0.0, 0.0, 0.0, 0.0, 0.0, 0.0, 0.0, 0.0, 0.0, 0.0, 0.0, 0.0, 0.0, 0.0, 0.0, 0.0, 0.0, 0.0, 0.0, 0.0, 0.0, 0.0]
