global cost:
avg = [9.059363098570214, 5.557533369335077, 3.2107409680078556, 2.328574590924604, 2.0356593796693416, 1.830412594799234, 1.6837298921364707, 1.4678330894689187, 1.3659700526458978, 1.2225956666481685, 1.1260266606060179, 1.0600028978678895, 1.030412768450212, 0.9791106627343384, 0.9469963145530097, 0.9137539875009519, 0.89090360661063, 0.8674515103853161, 0.8433475022004301, 0.818533992003779, 0.8058407655142618, 0.7994843699109813, 0.7864837576396145, 0.7864837576396145, 0.7864837576396145, 0.773264601756667, 0.75981549578096, 0.7461240050607104, 0.7461240050607104, 0.7461240050607104, 0.7461240050607104, 0.7461240050607104, 0.7461240050607104, 0.7461240050607104, 0.7461240050607104, 0.7461240050607104, 0.7461240050607104, 0.7461240050607104, 0.7461240050607104, 0.7461240050607104, 0.7461240050607104, 0.7461240050607104, 0.7461240050607104, 0.7461240050607104, 0.717958158617738, 0.703452458112659, 0.703452458112659, 0.703452458112659, 0.703452458112659, 0.703452458112659]
std = [0.0, 0.0, 0.0, 0.0, 0.0, 0.0, 0.0, 0.0, 0.0, 0.0, 0.0, 0.0, 0.0, 0.0, 0.0, 0.0, 0.0, 0.0, 0.0, 0.0, 0.0, 0.0, 0.0, 0.0, 0.0, 0.0, 0.0, 0.0, 0.0, 0.0, 0.0, 0.0, 0.0, 0.0, 0.0, 0.0, 0.0, 0.0, 0.0, 0.0, 0.0, 0.0, 0.0, 0.0, 0.0, 0.0, 0.0, 0.0, 0.0, 0.0]
