local cost:
avg = [0.006029953349999947, 0.0053940098299999715, 0.005147466299999979, 0.0047741941799999904, 0.0047741941799999904, 0.004817972949999987, 0.00485253512999999, 0.0048594474699999906, 0.004845622609999989, 0.004949308969999988, 0.004953917259999989, 0.004914746759999992, 0.004914746759999992, 0.004917050929999992, 0.004993087799999992, 0.005023041669999989, 0.004990783569999988, 0.005006912559999989, 0.004953917209999987, 0.004937788129999988, 0.004979262739999987, 0.004882488589999987, 0.0048778803899999865, 0.004919354989999987, 0.004926267389999988, 0.004933179819999989, 0.004933179819999989, 0.004926267379999988, 0.004926267379999988, 0.004926267379999988, 0.004926267379999988, 0.004910138389999987, 0.0049193549399999875, 0.004930875689999988, 0.004930875689999988, 0.004930875689999988, 0.004930875689999988, 0.0049193549399999875, 0.0049193549399999875, 0.004930875689999988, 0.004930875689999988, 0.004930875689999988, 0.0049193549399999875, 0.0051336402299999775, 0.005140552639999977, 0.005145160949999977, 0.005145160949999977, 0.005145160949999977, 0.005138248509999976, 0.005138248509999976]
std = [0.0, 0.0, 0.0, 0.0, 0.0, 0.0, 0.0, 0.0, 0.0, 0.0, 0.0, 0.0, 0.0, 0.0, 0.0, 0.0, 0.0, 0.0, 0.0, 0.0, 0.0, 0.0, 0.0, 0.0, 0.0, 0.0, 0.0, 0.0, 0.0, 0.0, 0.0, 0.0, 0.0, 0.0, 0.0, 0.0, 0.0, 0.0, 0.0, 0.0, 0.0, 0.0, 0.0, 0.0, 0.0, 0.0, 0.0, 0.0, 0.0, 0.0]
