global cost:
avg = [9.059363098570214, 5.581596401423727, 3.271178708197339, 2.4367444558314806, 1.955667934830291, 1.761529899487174, 1.522984711725012, 1.4178166600913722, 1.3431375635512337, 1.2721837541460221, 1.1796810503698556, 1.0982169049383859, 1.0403696603064998, 0.9895838754653933, 0.9578207433951376, 0.9249675163890465, 0.8674515103853161, 0.8310333644124486, 0.8185339920037791, 0.8058407655142618, 0.792944375516707, 0.7798347427260147, 0.7665009258060415, 0.7529310144764179, 0.7391120049488149, 0.7391120049488149, 0.7391120049488149, 0.7391120049488149, 0.7391120049488149, 0.7391120049488149, 0.7391120049488149, 0.7391120049488149, 0.7391120049488149, 0.7391120049488149, 0.7391120049488149, 0.7391120049488149, 0.7391120049488149, 0.7391120049488149, 0.7391120049488149, 0.7391120049488149, 0.7391120049488149, 0.7391120049488149, 0.7391120049488149, 0.7391120049488149, 0.7391120049488149, 0.7391120049488149, 0.7391120049488149, 0.7391120049488149, 0.7391120049488149, 0.7391120049488149]
std = [0.0, 0.0, 0.0, 0.0, 0.0, 0.0, 0.0, 0.0, 0.0, 0.0, 0.0, 0.0, 0.0, 0.0, 0.0, 0.0, 0.0, 0.0, 0.0, 0.0, 0.0, 0.0, 0.0, 0.0, 0.0, 0.0, 0.0, 0.0, 0.0, 0.0, 0.0, 0.0, 0.0, 0.0, 0.0, 0.0, 0.0, 0.0, 0.0, 0.0, 0.0, 0.0, 0.0, 0.0, 0.0, 0.0, 0.0, 0.0, 0.0, 0.0]
