local cost:
avg = [0.006029953349999947, 0.005391705689999972, 0.005147466309999977, 0.004953917729999985, 0.004838710299999989, 0.004864055889999991, 0.004907834669999988, 0.005055299879999981, 0.0049216593099999885, 0.004884792949999992, 0.004820276889999989, 0.004769585639999989, 0.00476267321999999, 0.0047580649199999905, 0.004781106399999989, 0.004785714689999988, 0.00476267318999999, 0.00475576074999999, 0.00475576074999999, 0.004864055309999985, 0.004864055309999985, 0.004864055309999985, 0.004718894339999983, 0.004718894339999983, 0.004813364289999984, 0.0047165901399999835, 0.0047165901399999835, 0.004707373589999985, 0.004707373589999985, 0.004707373589999985, 0.004707373589999985, 0.004707373589999985, 0.004700461129999985, 0.004700461129999985, 0.004700461129999985, 0.004700461129999985, 0.004700461129999985, 0.004700461129999985, 0.004700461129999985, 0.004700461129999985, 0.004700461129999985, 0.004700461129999985, 0.004700461129999985, 0.004700461129999985, 0.004700461129999985, 0.004700461129999985, 0.004700461129999985, 0.004700461129999985, 0.004700461129999985, 0.004700461129999985]
std = [0.0, 0.0, 0.0, 0.0, 0.0, 0.0, 0.0, 0.0, 0.0, 0.0, 0.0, 0.0, 0.0, 0.0, 0.0, 0.0, 0.0, 0.0, 0.0, 0.0, 0.0, 0.0, 0.0, 0.0, 0.0, 0.0, 0.0, 0.0, 0.0, 0.0, 0.0, 0.0, 0.0, 0.0, 0.0, 0.0, 0.0, 0.0, 0.0, 0.0, 0.0, 0.0, 0.0, 0.0, 0.0, 0.0, 0.0, 0.0, 0.0, 0.0]
