global cost:
avg = [9.059363098570214, 5.5779011532102505, 3.3087811685537596, 2.4069469554018514, 2.01017818278147, 1.7960671906280616, 1.6147137988571387, 1.4745544959403842, 1.3428242405018773, 1.2718529516300874, 1.1438232293736221, 1.0884026092620858, 1.0199462451233887, 0.9573813256665884, 0.9132933679442715, 0.8787770512637992, 0.8669662906519877, 0.8549923931976449, 0.8180197566824065, 0.805318424985864, 0.805318424985864, 0.805318424985864, 0.805318424985864, 0.805318424985864, 0.805318424985864, 0.805318424985864, 0.805318424985864, 0.805318424985864, 0.805318424985864, 0.805318424985864, 0.805318424985864, 0.805318424985864, 0.805318424985864, 0.805318424985864, 0.805318424985864, 0.805318424985864, 0.805318424985864, 0.805318424985864, 0.805318424985864, 0.805318424985864, 0.805318424985864, 0.805318424985864, 0.805318424985864, 0.805318424985864, 0.805318424985864, 0.805318424985864, 0.805318424985864, 0.805318424985864, 0.7924135340342706, 0.7924135340342705]
std = [0.0, 0.0, 0.0, 0.0, 0.0, 0.0, 0.0, 0.0, 0.0, 0.0, 0.0, 0.0, 0.0, 0.0, 0.0, 0.0, 0.0, 0.0, 0.0, 0.0, 0.0, 0.0, 0.0, 0.0, 0.0, 0.0, 0.0, 0.0, 0.0, 0.0, 0.0, 0.0, 0.0, 0.0, 0.0, 0.0, 0.0, 0.0, 0.0, 0.0, 0.0, 0.0, 0.0, 0.0, 0.0, 0.0, 0.0, 0.0, 0.0, 0.0]
