local cost:
avg = [0.006029953349999947, 0.0053940098299999715, 0.005147466279999978, 0.004976958759999985, 0.00485023054999999, 0.004898617569999989, 0.004907834159999987, 0.004958525379999982, 0.004947004599999983, 0.004953917049999984, 0.004951612939999982, 0.005009216579999981, 0.0050046082799999805, 0.005027649679999982, 0.005020737229999982, 0.005032257989999982, 0.0050368662799999825, 0.005039170419999982, 0.0050529953299999816, 0.005043778779999981, 0.005043778779999981, 0.005043778779999981, 0.005043778779999981, 0.005043778779999981, 0.005043778779999981, 0.005043778779999981, 0.005043778779999981, 0.005043778779999981, 0.005043778779999981, 0.005043778779999981, 0.005043778779999981, 0.005043778779999981, 0.005043778779999981, 0.005043778779999981, 0.005043778779999981, 0.005043778779999981, 0.005043778779999981, 0.005043778779999981, 0.005043778779999981, 0.005043778779999981, 0.005043778779999981, 0.005043778779999981, 0.005043778779999981, 0.005043778779999981, 0.005043778779999981, 0.005043778779999981, 0.005043778779999981, 0.00504147463999998, 0.00505299538999998, 0.005069124429999981]
std = [0.0, 0.0, 0.0, 0.0, 0.0, 0.0, 0.0, 0.0, 0.0, 0.0, 0.0, 0.0, 0.0, 0.0, 0.0, 0.0, 0.0, 0.0, 0.0, 0.0, 0.0, 0.0, 0.0, 0.0, 0.0, 0.0, 0.0, 0.0, 0.0, 0.0, 0.0, 0.0, 0.0, 0.0, 0.0, 0.0, 0.0, 0.0, 0.0, 0.0, 0.0, 0.0, 0.0, 0.0, 0.0, 0.0, 0.0, 0.0, 0.0, 0.0]
