global cost:
avg = [9.059363098570214, 5.607394955075016, 3.2868986787652528, 2.3549885277227722, 1.9714189664874557, 1.6714392708895616, 1.5093857421964925, 1.3809820049977115, 1.2802617158277043, 1.1796810503698556, 1.0982169049383859, 1.0403696603064998, 0.9578207433951376, 0.9249675163890467, 0.9024011264248617, 0.8792557532201863, 0.867451510385316, 0.8433475022004301, 0.8058407655142618, 0.799221165173013, 0.7862162006467927, 0.7862162006467924, 0.7729924692119883, 0.7729924692119882, 0.7729924692119882, 0.7729924692119882, 0.7729924692119882, 0.7729924692119882, 0.7729924692119882, 0.7729924692119882, 0.7729924692119882, 0.7729924692119882, 0.7729924692119882, 0.7595385446160162, 0.7458419698946857, 0.7458419698946855, 0.7458419698946855, 0.7458419698946855, 0.7458419698946855, 0.7458419698946855, 0.7458419698946855, 0.7318891223097622, 0.7318891223097622, 0.7318891223097622, 0.7318891223097622, 0.7318891223097622, 0.7318891223097622, 0.7176650546420128, 0.7176650546420128, 0.7176650546420128]
std = [0.0, 0.0, 0.0, 0.0, 0.0, 0.0, 0.0, 0.0, 0.0, 0.0, 0.0, 0.0, 0.0, 0.0, 0.0, 0.0, 0.0, 0.0, 0.0, 0.0, 0.0, 0.0, 0.0, 0.0, 0.0, 0.0, 0.0, 0.0, 0.0, 0.0, 0.0, 0.0, 0.0, 0.0, 0.0, 0.0, 0.0, 0.0, 0.0, 0.0, 0.0, 0.0, 0.0, 0.0, 0.0, 0.0, 0.0, 0.0, 0.0, 0.0]
