local cost:
avg = [0.006029953349999947, 0.005389401549999971, 0.005145162159999978, 0.004679724119999994, 0.004661290879999996, 0.004682028189999989, 0.0046589867799999895, 0.004661290939999988, 0.0048110604599999884, 0.004831797779999987, 0.0048709682699999875, 0.004884793119999985, 0.004859447459999988, 0.004850230899999987, 0.004797235479999988, 0.004688940589999986, 0.00476036918999999, 0.004728111139999988, 0.00472350285999999, 0.00472350285999999, 0.004730415299999988, 0.004718894619999988, 0.004718894619999987, 0.004718894619999987, 0.004725807059999988, 0.004730415369999988, 0.004730415369999988, 0.004718894619999987, 0.004718894619999987, 0.004718894619999987, 0.004718894619999987, 0.004730415369999988, 0.004730415369999988, 0.004732719519999988, 0.004735023659999989, 0.004735023659999989, 0.004723502909999988, 0.004723502909999988, 0.004723502909999988, 0.004732719509999989, 0.004677419969999991, 0.004730415369999989, 0.004730415369999989, 0.004730415369999989, 0.004672811709999989, 0.004663595099999989, 0.004758065109999989, 0.0047672816899999885, 0.0047672816899999885, 0.0047672816899999885]
std = [0.0, 0.0, 0.0, 0.0, 0.0, 0.0, 0.0, 0.0, 0.0, 0.0, 0.0, 0.0, 0.0, 0.0, 0.0, 0.0, 0.0, 0.0, 0.0, 0.0, 0.0, 0.0, 0.0, 0.0, 0.0, 0.0, 0.0, 0.0, 0.0, 0.0, 0.0, 0.0, 0.0, 0.0, 0.0, 0.0, 0.0, 0.0, 0.0, 0.0, 0.0, 0.0, 0.0, 0.0, 0.0, 0.0, 0.0, 0.0, 0.0, 0.0]
