global cost:
avg = [9.059363098570214, 5.588979568328232, 3.2203591777544185, 2.3418188007620873, 1.963478881022492, 1.6805717720971602, 1.450059307971128, 1.3468527027181822, 1.2433708078066938, 1.1925852696975945, 1.1304555402988954, 1.0743455628364096, 0.99462049786742, 0.9360467205625754, 0.9024011264248617, 0.8674515103853161, 0.8433475022004301, 0.805840765514262, 0.7798347427260149, 0.7665009258060416, 0.739112004948815, 0.7391120049488149, 0.7391120049488149, 0.7391120049488149, 0.7391120049488149, 0.7391120049488149, 0.7391120049488149, 0.7391120049488149, 0.7391120049488149, 0.7391120049488149, 0.7391120049488149, 0.7391120049488149, 0.7391120049488149, 0.7391120049488149, 0.7391120049488149, 0.7391120049488149, 0.7391120049488149, 0.7391120049488149, 0.7391120049488149, 0.7391120049488149, 0.7391120049488149, 0.7391120049488149, 0.7391120049488149, 0.7391120049488149, 0.7391120049488149, 0.7391120049488149, 0.7391120049488149, 0.7391120049488149, 0.7391120049488149, 0.7391120049488149]
std = [0.0, 0.0, 0.0, 0.0, 0.0, 0.0, 0.0, 0.0, 0.0, 0.0, 0.0, 0.0, 0.0, 0.0, 0.0, 0.0, 0.0, 0.0, 0.0, 0.0, 0.0, 0.0, 0.0, 0.0, 0.0, 0.0, 0.0, 0.0, 0.0, 0.0, 0.0, 0.0, 0.0, 0.0, 0.0, 0.0, 0.0, 0.0, 0.0, 0.0, 0.0, 0.0, 0.0, 0.0, 0.0, 0.0, 0.0, 0.0, 0.0, 0.0]
