local cost:
avg = [0.006029953349999947, 0.005391705689999972, 0.0051566829299999764, 0.004891705669999989, 0.004845622609999986, 0.004827189369999987, 0.004716590259999989, 0.0047027653599999875, 0.004705069499999988, 0.004744240059999988, 0.0047235027699999875, 0.004714286179999989, 0.004891705469999986, 0.004870968079999987, 0.00484792657999999, 0.0048502308299999885, 0.004841014249999988, 0.004891705449999989, 0.0048824888599999896, 0.0048824888599999896, 0.004923963509999985, 0.004928571799999984, 0.004928571799999984, 0.0048870971899999845, 0.0048870971899999845, 0.0048870971899999845, 0.0048870971899999845, 0.0048870971899999845, 0.0048870971899999845, 0.0048870971899999845, 0.0048870971899999845, 0.0048870971899999845, 0.0048870971899999845, 0.004928571799999984, 0.004928571799999984, 0.004928571799999984, 0.004928571799999984, 0.004928571799999984, 0.004928571799999984, 0.004928571799999984, 0.0048870971899999845, 0.0048870971899999845, 0.0048870971899999845, 0.0048870971899999845, 0.0048870971899999845, 0.0048870971899999845, 0.0048870971899999845, 0.0048870971899999845, 0.0048870971899999845, 0.0048870971899999845]
std = [0.0, 0.0, 0.0, 0.0, 0.0, 0.0, 0.0, 0.0, 0.0, 0.0, 0.0, 0.0, 0.0, 0.0, 0.0, 0.0, 0.0, 0.0, 0.0, 0.0, 0.0, 0.0, 0.0, 0.0, 0.0, 0.0, 0.0, 0.0, 0.0, 0.0, 0.0, 0.0, 0.0, 0.0, 0.0, 0.0, 0.0, 0.0, 0.0, 0.0, 0.0, 0.0, 0.0, 0.0, 0.0, 0.0, 0.0, 0.0, 0.0, 0.0]
