global cost:
avg = [9.059363098570214, 5.484710880249997, 3.252214445690417, 2.3549885277227722, 2.0255053682065878, 1.807743355787967, 1.6898416808609384, 1.5696535697584146, 1.5093857421964925, 1.4214846311870666, 1.3393335779370614, 1.284322598135871, 1.2013737840789456, 1.1576727454540037, 1.0935612871073088, 1.035453981813585, 0.994832006747614, 0.9524791309238019, 0.9081532183729996, 0.8851582653058012, 0.8615497903412858, 0.8554844043983124, 0.8433475022004301, 0.8310333644124486, 0.8122769321068952, 0.7994843699109813, 0.773264601756667, 0.75981549578096, 0.75981549578096, 0.75981549578096, 0.75981549578096, 0.7595385446160162, 0.7595385446160162, 0.7595385446160162, 0.7595385446160162, 0.7595385446160162, 0.7595385446160161, 0.7595385446160161, 0.7458419698946857, 0.7318891223097624, 0.7318891223097623, 0.7318891223097623, 0.7250296539855637, 0.7250296539855636, 0.7031533075747369, 0.7031533075747367, 0.6883356864584761, 0.6883356864584761, 0.6883356864584761, 0.6883356864584761]
std = [0.0, 0.0, 0.0, 0.0, 0.0, 0.0, 0.0, 0.0, 0.0, 0.0, 0.0, 0.0, 0.0, 0.0, 0.0, 0.0, 0.0, 0.0, 0.0, 0.0, 0.0, 0.0, 0.0, 0.0, 0.0, 0.0, 0.0, 0.0, 0.0, 0.0, 0.0, 0.0, 0.0, 0.0, 0.0, 0.0, 0.0, 0.0, 0.0, 0.0, 0.0, 0.0, 0.0, 0.0, 0.0, 0.0, 0.0, 0.0, 0.0, 0.0]
