local cost:
avg = [0.006029953349999947, 0.005391705689999972, 0.005140553869999978, 0.004718894639999988, 0.0046751158099999895, 0.004629032899999991, 0.0045898623999999924, 0.004592166529999994, 0.004576037469999994, 0.004594470639999995, 0.004612903819999994, 0.004693548939999989, 0.004679724009999989, 0.004663594979999991, 0.004663594969999992, 0.004668203249999991, 0.004767281539999992, 0.004633641079999994, 0.004635945229999993, 0.0046428576399999925, 0.004647465899999994, 0.004509217339999993, 0.004490784179999994, 0.004497696619999995, 0.004497696619999995, 0.004493088329999994, 0.004444701189999994, 0.004546083629999997, 0.004550691939999996, 0.004539171189999996, 0.004539171189999996, 0.0045529960299999965, 0.0045529960299999965, 0.0045529960299999965, 0.0045529960299999965, 0.004550691879999996, 0.004571429239999994, 0.004546083589999997, 0.004546083589999997, 0.004525346239999999, 0.00441013894, 0.004481567539999995, 0.0046290326999999945, 0.004730415139999995, 0.004596774839999995, 0.004608295589999995, 0.004608295589999995, 0.004608295589999995, 0.004608295589999995, 0.004608295589999995]
std = [0.0, 0.0, 0.0, 0.0, 0.0, 0.0, 0.0, 0.0, 0.0, 0.0, 0.0, 0.0, 0.0, 0.0, 0.0, 0.0, 0.0, 0.0, 0.0, 0.0, 0.0, 0.0, 0.0, 0.0, 0.0, 0.0, 0.0, 0.0, 0.0, 0.0, 0.0, 0.0, 0.0, 0.0, 0.0, 0.0, 0.0, 0.0, 0.0, 0.0, 0.0, 0.0, 0.0, 0.0, 0.0, 0.0, 0.0, 0.0, 0.0, 0.0]
