global cost:
avg = [9.059363098570214, 5.581596401423727, 3.2426907238671916, 2.350606817186754, 1.9739519826032743, 1.7643642693571595, 1.5988371537015227, 1.4782240098976305, 1.3696232594850182, 1.315879164670962, 1.235051581515865, 1.1663635605575953, 1.102757479452928, 1.0549792770401796, 0.9946204978674201, 0.9522582149679312, 0.9192061998653066, 0.89090360661063, 0.867451510385316, 0.8433475022004301, 0.8433475022004301, 0.8433475022004301, 0.8433475022004301, 0.8433475022004301, 0.8433475022004301, 0.8433475022004301, 0.8433475022004301, 0.8433475022004301, 0.8433475022004301, 0.8433475022004301, 0.8433475022004301, 0.8433475022004301, 0.8433475022004301, 0.8433475022004301, 0.8433475022004301, 0.8310333644124485, 0.818533992003779, 0.792944375516707, 0.792944375516707, 0.792944375516707, 0.792944375516707, 0.792944375516707, 0.7798347427260148, 0.7798347427260148, 0.7798347427260148, 0.7665009258060416, 0.7665009258060416, 0.7665009258060416, 0.7665009258060416, 0.7665009258060416]
std = [0.0, 0.0, 0.0, 0.0, 0.0, 0.0, 0.0, 0.0, 0.0, 0.0, 0.0, 0.0, 0.0, 0.0, 0.0, 0.0, 0.0, 0.0, 0.0, 0.0, 0.0, 0.0, 0.0, 0.0, 0.0, 0.0, 0.0, 0.0, 0.0, 0.0, 0.0, 0.0, 0.0, 0.0, 0.0, 0.0, 0.0, 0.0, 0.0, 0.0, 0.0, 0.0, 0.0, 0.0, 0.0, 0.0, 0.0, 0.0, 0.0, 0.0]
