local cost:
avg = [0.006029953349999947, 0.005391705689999972, 0.005156682849999978, 0.0047880190099999905, 0.004794931429999986, 0.004824885449999985, 0.004813364709999985, 0.004884793269999985, 0.004919355449999985, 0.004912442969999985, 0.004923963689999987, 0.004926267809999987, 0.00481106043999999, 0.0048317977599999905, 0.00475576089999999, 0.0047511526199999895, 0.004815668709999988, 0.004829493559999988, 0.0049147469899999885, 0.00492165942999999, 0.00492165942999999, 0.0049170511399999894, 0.00492857188999999, 0.00492857188999999, 0.00492857188999999, 0.00492857188999999, 0.00492857188999999, 0.00492857188999999, 0.00492857188999999, 0.004940092589999989, 0.00495161333999999, 0.00495161333999999, 0.00495161333999999, 0.004940092589999989, 0.004940092589999989, 0.004935484289999989, 0.004887097199999989, 0.004811060359999987, 0.004811060359999987, 0.004813364499999988, 0.004824885249999989, 0.004824885249999989, 0.004813364499999988, 0.004813364499999988, 0.004813364499999988, 0.004806452059999988, 0.004806452059999988, 0.004806452059999988, 0.004806452059999988, 0.004854839109999988]
std = [0.0, 0.0, 0.0, 0.0, 0.0, 0.0, 0.0, 0.0, 0.0, 0.0, 0.0, 0.0, 0.0, 0.0, 0.0, 0.0, 0.0, 0.0, 0.0, 0.0, 0.0, 0.0, 0.0, 0.0, 0.0, 0.0, 0.0, 0.0, 0.0, 0.0, 0.0, 0.0, 0.0, 0.0, 0.0, 0.0, 0.0, 0.0, 0.0, 0.0, 0.0, 0.0, 0.0, 0.0, 0.0, 0.0, 0.0, 0.0, 0.0, 0.0]
