global cost:
avg = [9.059363098570214, 5.564948461403485, 3.201093858908378, 2.402660002875399, 2.065821979320085, 1.8218580740536654, 1.5795079489590238, 1.4430780390554503, 1.335439986641599, 1.2393455036869023, 1.1796810503698556, 1.1075644121194388, 1.0304127684502122, 0.9413698270461399, 0.884920543194543, 0.8492518458411688, 0.8310333644124487, 0.8185339920037789, 0.8058407655142618, 0.792944375516707, 0.7929443755167069, 0.7798347427260147, 0.7798347427260147, 0.7798347427260147, 0.7798347427260147, 0.7798347427260147, 0.7665009258060415, 0.7529310144764179, 0.7391120049488148, 0.7391120049488148, 0.7391120049488148, 0.7391120049488148, 0.7391120049488147, 0.7391120049488147, 0.7391120049488147, 0.7391120049488147, 0.7391120049488147, 0.7391120049488147, 0.7391120049488147, 0.7391120049488147, 0.7250296539855635, 0.7250296539855635, 0.7250296539855635, 0.7250296539855635, 0.7250296539855635, 0.7250296539855635, 0.7250296539855635, 0.7250296539855635, 0.7250296539855635, 0.7176650546420128]
std = [0.0, 0.0, 0.0, 0.0, 0.0, 0.0, 0.0, 0.0, 0.0, 0.0, 0.0, 0.0, 0.0, 0.0, 0.0, 0.0, 0.0, 0.0, 0.0, 0.0, 0.0, 0.0, 0.0, 0.0, 0.0, 0.0, 0.0, 0.0, 0.0, 0.0, 0.0, 0.0, 0.0, 0.0, 0.0, 0.0, 0.0, 0.0, 0.0, 0.0, 0.0, 0.0, 0.0, 0.0, 0.0, 0.0, 0.0, 0.0, 0.0, 0.0]
