local cost:
avg = [0.006029953349999947, 0.005391705689999972, 0.005145162159999978, 0.0048571434699999855, 0.004859447569999985, 0.004794931399999984, 0.004905530199999985, 0.004891705339999985, 0.004739631879999988, 0.004755760879999989, 0.0047442401199999885, 0.00488018526999999, 0.004850231309999988, 0.004850231319999987, 0.004748848419999988, 0.00474884841999999, 0.004751152559999989, 0.004744240119999989, 0.004744240119999989, 0.004741935979999988, 0.00471198201999999, 0.004808756169999991, 0.004808756169999991, 0.004808756169999991, 0.004808756169999991, 0.004808756169999991, 0.0048064520299999905, 0.004794931279999991, 0.004656682719999992, 0.004656682719999992, 0.004663595159999992, 0.004656682719999992, 0.004656682719999992, 0.004656682719999992, 0.004656682719999992, 0.004656682719999992, 0.004656682719999992, 0.004656682719999992, 0.004656682719999992, 0.004656682719999992, 0.0045599085699999905, 0.0045599085699999905, 0.004562212709999991, 0.004562212709999991, 0.004562212709999991, 0.004562212709999991, 0.004562212709999991, 0.004562212709999991, 0.004658986859999992, 0.004656682719999992]
std = [0.0, 0.0, 0.0, 0.0, 0.0, 0.0, 0.0, 0.0, 0.0, 0.0, 0.0, 0.0, 0.0, 0.0, 0.0, 0.0, 0.0, 0.0, 0.0, 0.0, 0.0, 0.0, 0.0, 0.0, 0.0, 0.0, 0.0, 0.0, 0.0, 0.0, 0.0, 0.0, 0.0, 0.0, 0.0, 0.0, 0.0, 0.0, 0.0, 0.0, 0.0, 0.0, 0.0, 0.0, 0.0, 0.0, 0.0, 0.0, 0.0, 0.0]
