global cost:
avg = [9.059363098570214, 5.581596401423727, 3.2426907238671916, 2.3549885277227722, 2.0683919644849853, 1.796301457716237, 1.6340128200432344, 1.4956631323075376, 1.3958325155725386, 1.3199101653215841, 1.2309990742514436, 1.1531659509795773, 1.0982169049383856, 1.0600028978678895, 1.0304127684502122, 0.9999474002577025, 0.9578207433951377, 0.9249675163890465, 0.9137539875009522, 0.8734337971123766, 0.8494995494619656, 0.8248711239545367, 0.7994843699109813, 0.773264601756667, 0.75981549578096, 0.75981549578096, 0.7461240050607104, 0.7321765321469981, 0.7250296539855636, 0.7250296539855636, 0.7250296539855636, 0.7250296539855636, 0.7250296539855636, 0.7250296539855636, 0.7250296539855636, 0.7250296539855636, 0.7250296539855636, 0.7250296539855636, 0.7250296539855636, 0.7250296539855636, 0.7250296539855636, 0.7250296539855636, 0.7250296539855636, 0.7250296539855636, 0.7250296539855636, 0.7250296539855636, 0.7250296539855636, 0.7250296539855636, 0.7250296539855636, 0.7250296539855636]
std = [0.0, 0.0, 0.0, 0.0, 0.0, 0.0, 0.0, 0.0, 0.0, 0.0, 0.0, 0.0, 0.0, 0.0, 0.0, 0.0, 0.0, 0.0, 0.0, 0.0, 0.0, 0.0, 0.0, 0.0, 0.0, 0.0, 0.0, 0.0, 0.0, 0.0, 0.0, 0.0, 0.0, 0.0, 0.0, 0.0, 0.0, 0.0, 0.0, 0.0, 0.0, 0.0, 0.0, 0.0, 0.0, 0.0, 0.0, 0.0, 0.0, 0.0]
