local cost:
avg = [0.006029953349999947, 0.005391705689999972, 0.005147466299999979, 0.004778802459999991, 0.0047396318899999915, 0.004891705539999985, 0.004898617949999985, 0.004894009589999988, 0.004933180039999991, 0.004905530379999991, 0.004917051129999991, 0.0049354843799999885, 0.004960829979999986, 0.004870968269999985, 0.005002304539999978, 0.005025346029999977, 0.005034562609999976, 0.005016129459999977, 0.005004608679999978, 0.0050115210899999785, 0.0050115210899999785, 0.005013825229999979, 0.00495852568999998, 0.0048317977199999855, 0.0048317977199999855, 0.0048317977199999855, 0.004808756319999986, 0.0048202770099999865, 0.004677420159999986, 0.0046682036099999855, 0.0046682036099999855, 0.0046682036099999855, 0.0046682036099999855, 0.0046682036099999855, 0.0046682036099999855, 0.0046682036099999855, 0.0046682036099999855, 0.0046682036099999855, 0.0046682036099999855, 0.0046682036099999855, 0.0046682036099999855, 0.0046682036099999855, 0.004774194309999987, 0.004774194309999987, 0.004764977759999987, 0.004764977759999987, 0.004774194309999987, 0.004774194309999987, 0.004774194309999987, 0.0046682036099999855]
std = [0.0, 0.0, 0.0, 0.0, 0.0, 0.0, 0.0, 0.0, 0.0, 0.0, 0.0, 0.0, 0.0, 0.0, 0.0, 0.0, 0.0, 0.0, 0.0, 0.0, 0.0, 0.0, 0.0, 0.0, 0.0, 0.0, 0.0, 0.0, 0.0, 0.0, 0.0, 0.0, 0.0, 0.0, 0.0, 0.0, 0.0, 0.0, 0.0, 0.0, 0.0, 0.0, 0.0, 0.0, 0.0, 0.0, 0.0, 0.0, 0.0, 0.0]
