global cost:
avg = [9.059363098570214, 5.6586392153794005, 3.28061972972588, 2.274826794524654, 1.9739519826032745, 1.674426147809678, 1.5194925349089463, 1.3920213874166796, 1.3080211845815486, 1.2097506928709512, 1.1304555402988954, 1.0838989552016889, 1.03525077231662, 0.9842008829893436, 0.9630235016212956, 0.930354015722966, 0.8964947989078107, 0.884920543194543, 0.8613055522668267, 0.8492518458411689, 0.8246160223174, 0.7992211651730132, 0.7862162006467929, 0.7862162006467929, 0.7862162006467929, 0.7862162006467929, 0.7862162006467928, 0.7862162006467927, 0.7862162006467927, 0.7862162006467927, 0.7862162006467927, 0.7862162006467927, 0.7862162006467927, 0.7862162006467927, 0.7862162006467927, 0.7862162006467927, 0.7862162006467927, 0.7862162006467927, 0.7862162006467927, 0.7862162006467927, 0.7862162006467927, 0.7862162006467927, 0.7862162006467927, 0.7862162006467927, 0.7862162006467927, 0.7862162006467927, 0.7862162006467927, 0.7862162006467927, 0.7862162006467927, 0.7862162006467927]
std = [0.0, 0.0, 0.0, 0.0, 0.0, 0.0, 0.0, 0.0, 0.0, 0.0, 0.0, 0.0, 0.0, 0.0, 0.0, 0.0, 0.0, 0.0, 0.0, 0.0, 0.0, 0.0, 0.0, 0.0, 0.0, 0.0, 0.0, 0.0, 0.0, 0.0, 0.0, 0.0, 0.0, 0.0, 0.0, 0.0, 0.0, 0.0, 0.0, 0.0, 0.0, 0.0, 0.0, 0.0, 0.0, 0.0, 0.0, 0.0, 0.0, 0.0]
