local cost:
avg = [0.006029953349999947, 0.00540092223999997, 0.005152074569999977, 0.005140553189999977, 0.004963134249999991, 0.004850231029999992, 0.004859447619999992, 0.004861751819999991, 0.0048571435799999885, 0.004735024089999988, 0.0047811070299999875, 0.004785715329999987, 0.004778802909999987, 0.004760369619999988, 0.004735023969999989, 0.00481106078999999, 0.00481106078999999, 0.004815669079999991, 0.004815669079999991, 0.00481566908999999, 0.0047165907999999895, 0.004813364949999991, 0.0047165907999999895, 0.004723503239999991, 0.004723503239999991, 0.004723503239999991, 0.004721199089999991, 0.00471659079999999, 0.00471659079999999, 0.00471659079999999, 0.00471659079999999, 0.00471659079999999, 0.00471659079999999, 0.00470967835999999, 0.00471659079999999, 0.00471659079999999, 0.00468663690999999, 0.004693549349999991, 0.004693549349999991, 0.00470967835999999, 0.00470967835999999, 0.00471659079999999, 0.00471659079999999, 0.00471659079999999, 0.00471659079999999, 0.00471659079999999, 0.00471659079999999, 0.00471659079999999, 0.00471659079999999, 0.00471659079999999]
std = [0.0, 0.0, 0.0, 0.0, 0.0, 0.0, 0.0, 0.0, 0.0, 0.0, 0.0, 0.0, 0.0, 0.0, 0.0, 0.0, 0.0, 0.0, 0.0, 0.0, 0.0, 0.0, 0.0, 0.0, 0.0, 0.0, 0.0, 0.0, 0.0, 0.0, 0.0, 0.0, 0.0, 0.0, 0.0, 0.0, 0.0, 0.0, 0.0, 0.0, 0.0, 0.0, 0.0, 0.0, 0.0, 0.0, 0.0, 0.0, 0.0, 0.0]
