global cost:
avg = [9.059363098570214, 5.5668006911311325, 3.194646268390112, 2.337412402401798, 1.989558267487155, 1.7109688087966255, 1.5530455071082658, 1.3994077674954106, 1.315879164670962, 1.2680010393564205, 1.201198643938926, 1.1485498865937558, 1.0933688772725991, 1.039965122657179, 0.9786808040097527, 0.9355970763812018, 0.9019347089617739, 0.8613055522668267, 0.8370245760810141, 0.8246160223173999, 0.7862162006467928, 0.7595385446160162, 0.7318891223097622, 0.7318891223097622, 0.7176650546420128, 0.7176650546420128, 0.7176650546420128, 0.7176650546420128, 0.7176650546420128, 0.7176650546420128, 0.7176650546420128, 0.7176650546420128, 0.7176650546420128, 0.7176650546420127, 0.7176650546420127, 0.7176650546420127, 0.7176650546420127, 0.7176650546420127, 0.7176650546420127, 0.7176650546420127, 0.7176650546420127, 0.7176650546420127, 0.7176650546420127, 0.7176650546420127, 0.7176650546420127, 0.7176650546420127, 0.7176650546420127, 0.7176650546420127, 0.7176650546420127, 0.7176650546420127]
std = [0.0, 0.0, 0.0, 0.0, 0.0, 0.0, 0.0, 0.0, 0.0, 0.0, 0.0, 0.0, 0.0, 0.0, 0.0, 0.0, 0.0, 0.0, 0.0, 0.0, 0.0, 0.0, 0.0, 0.0, 0.0, 0.0, 0.0, 0.0, 0.0, 0.0, 0.0, 0.0, 0.0, 0.0, 0.0, 0.0, 0.0, 0.0, 0.0, 0.0, 0.0, 0.0, 0.0, 0.0, 0.0, 0.0, 0.0, 0.0, 0.0, 0.0]
