local cost:
avg = [0.006029953349999947, 0.005391705689999972, 0.005147466309999977, 0.004887097379999986, 0.004877880769999983, 0.004790323169999984, 0.004808756369999983, 0.0048732720399999796, 0.004905530079999978, 0.004930875689999978, 0.005050691229999979, 0.0050691244599999795, 0.004990783459999984, 0.005039170549999984, 0.004986175159999985, 0.004967741979999985, 0.004903225829999987, 0.004912442439999987, 0.004875576079999987, 0.004875576079999987, 0.00485253465999999, 0.004838709789999991, 0.00487327194999999, 0.004877880239999991, 0.00513364015999998, 0.00513364015999998, 0.00514285676999998, 0.00514285676999998, 0.00514285676999998, 0.00514285676999998, 0.00514285676999998, 0.00514285676999998, 0.00514285676999998, 0.00514055262999998, 0.00514055262999998, 0.0051359443399999795, 0.0051359443399999795, 0.00514055262999998, 0.00514055262999998, 0.00514055262999998, 0.00514055262999998, 0.00514055262999998, 0.00514055262999998, 0.00514055262999998, 0.00514055262999998, 0.00514055262999998, 0.00514055262999998, 0.00514055262999998, 0.00513364021999998, 0.00513364021999998]
std = [0.0, 0.0, 0.0, 0.0, 0.0, 0.0, 0.0, 0.0, 0.0, 0.0, 0.0, 0.0, 0.0, 0.0, 0.0, 0.0, 0.0, 0.0, 0.0, 0.0, 0.0, 0.0, 0.0, 0.0, 0.0, 0.0, 0.0, 0.0, 0.0, 0.0, 0.0, 0.0, 0.0, 0.0, 0.0, 0.0, 0.0, 0.0, 0.0, 0.0, 0.0, 0.0, 0.0, 0.0, 0.0, 0.0, 0.0, 0.0, 0.0, 0.0]
