global cost:
avg = [9.059363098570214, 5.505348087418636, 3.252214445690417, 2.4409715483238412, 1.989558267487155, 1.7526391989174954, 1.5923761136601353, 1.4571515203762226, 1.284158771029122, 1.2182427080031206, 1.1395386282586029, 1.093368877272599, 1.0549792770401794, 1.0049320830180841, 0.9522582149679313, 0.907921517076111, 0.8613055522668268, 0.8246160223173999, 0.8120178739175264, 0.8120178739175264, 0.8120178739175264, 0.8120178739175264, 0.8120178739175264, 0.7992211651730133, 0.7992211651730133, 0.7992211651730132, 0.7992211651730131, 0.7992211651730131, 0.7992211651730131, 0.7992211651730131, 0.7992211651730131, 0.7992211651730131, 0.7862162006467927, 0.7862162006467927, 0.7862162006467927, 0.7862162006467927, 0.7862162006467927, 0.7729924692119885, 0.7729924692119885, 0.7665009258060416, 0.7665009258060415, 0.7665009258060415, 0.7665009258060415, 0.7665009258060415, 0.7665009258060415, 0.7665009258060415, 0.7665009258060415, 0.7665009258060415, 0.7665009258060415, 0.7665009258060415]
std = [0.0, 0.0, 0.0, 0.0, 0.0, 0.0, 0.0, 0.0, 0.0, 0.0, 0.0, 0.0, 0.0, 0.0, 0.0, 0.0, 0.0, 0.0, 0.0, 0.0, 0.0, 0.0, 0.0, 0.0, 0.0, 0.0, 0.0, 0.0, 0.0, 0.0, 0.0, 0.0, 0.0, 0.0, 0.0, 0.0, 0.0, 0.0, 0.0, 0.0, 0.0, 0.0, 0.0, 0.0, 0.0, 0.0, 0.0, 0.0, 0.0, 0.0]
