local cost:
avg = [0.006029953349999947, 0.005391705689999972, 0.005135945589999978, 0.00468433245999999, 0.004707373889999994, 0.004737327759999995, 0.004764977509999993, 0.0047626734299999925, 0.004815668759999991, 0.004813364639999991, 0.0048640558599999896, 0.00486635999999999, 0.004866359989999991, 0.00487788073999999, 0.0048364060799999916, 0.004806452159999992, 0.004797235579999993, 0.004801843869999993, 0.004857143439999993, 0.004857143439999993, 0.004857143439999993, 0.004857143439999993, 0.004834101989999993, 0.004824885439999993, 0.004824885439999993, 0.004831797899999993, 0.004827189609999992, 0.004827189609999992, 0.004827189609999992, 0.004827189609999992, 0.004827189609999992, 0.0048179730599999925, 0.004815668919999993, 0.004815668919999993, 0.004817973059999993, 0.004817973059999993, 0.004817973059999993, 0.004785714999999996, 0.0047972357499999965, 0.004790323319999996, 0.004762673529999996, 0.004762673529999996, 0.004762673529999996, 0.004762673529999996, 0.004762673529999996, 0.004762673529999996, 0.004778802579999996, 0.004778802579999996, 0.004778802579999996, 0.004778802579999996]
std = [0.0, 0.0, 0.0, 0.0, 0.0, 0.0, 0.0, 0.0, 0.0, 0.0, 0.0, 0.0, 0.0, 0.0, 0.0, 0.0, 0.0, 0.0, 0.0, 0.0, 0.0, 0.0, 0.0, 0.0, 0.0, 0.0, 0.0, 0.0, 0.0, 0.0, 0.0, 0.0, 0.0, 0.0, 0.0, 0.0, 0.0, 0.0, 0.0, 0.0, 0.0, 0.0, 0.0, 0.0, 0.0, 0.0, 0.0, 0.0, 0.0, 0.0]
