global cost:
avg = [9.059363098570214, 5.561242151235185, 3.188185638688062, 2.283872601195035, 1.9791677509307868, 1.6805717720971602, 1.4990002980456416, 1.406755364812063, 1.3001157112399984, 1.235051581515865, 1.2011986439389264, 1.139538628258603, 1.0743455628364098, 1.0252441684209312, 0.973669770186983, 0.9303540157229659, 0.8964947989078108, 0.8731928830829384, 0.8731928830829384, 0.8122769321068952, 0.7864837576396145, 0.773264601756667, 0.75981549578096, 0.7461240050607104, 0.7321765321469981, 0.7321765321469981, 0.703452458112659, 0.703452458112659, 0.703452458112659, 0.703452458112659, 0.703452458112659, 0.703452458112659, 0.703452458112659, 0.703452458112659, 0.703452458112659, 0.703452458112659, 0.6886412739037004, 0.6886412739037004, 0.6886412739037004, 0.6886412739037004, 0.6886412739037004, 0.6886412739037004, 0.6886412739037004, 0.6886412739037004, 0.6886412739037004, 0.6886412739037004, 0.6735044524148897, 0.6735044524148897, 0.6735044524148897, 0.6735044524148897]
std = [0.0, 0.0, 0.0, 0.0, 0.0, 0.0, 0.0, 0.0, 0.0, 0.0, 0.0, 0.0, 0.0, 0.0, 0.0, 0.0, 0.0, 0.0, 0.0, 0.0, 0.0, 0.0, 0.0, 0.0, 0.0, 0.0, 0.0, 0.0, 0.0, 0.0, 0.0, 0.0, 0.0, 0.0, 0.0, 0.0, 0.0, 0.0, 0.0, 0.0, 0.0, 0.0, 0.0, 0.0, 0.0, 0.0, 0.0, 0.0, 0.0, 0.0]
