local cost:
avg = [0.006029953349999947, 0.005391705689999972, 0.0051451621599999785, 0.0047741941699999905, 0.00477649826999999, 0.004707373829999991, 0.004709677989999991, 0.004748848459999993, 0.004767281589999992, 0.004732719359999994, 0.004725806919999993, 0.0047211986199999926, 0.004788018949999991, 0.004801843859999991, 0.00480414800999999, 0.00472580699999999, 0.00472580698999999, 0.00472580698999999, 0.004762673349999986, 0.004781106549999986, 0.004700461349999991, 0.004785714749999993, 0.004838710159999989, 0.00482488526999999, 0.0048271894199999905, 0.0048433184199999915, 0.004841014319999991, 0.004841014319999991, 0.004841014319999991, 0.004841014319999991, 0.004841014319999991, 0.004841014319999991, 0.004841014319999991, 0.004841014319999991, 0.0048456226099999914, 0.0048456226099999914, 0.00484101432999999, 0.00483410188999999, 0.00483410188999999, 0.00483410188999999, 0.004790323089999989, 0.004790323089999989, 0.00474424017999999, 0.00474424017999999, 0.00474424017999999, 0.00484101432999999, 0.00483410188999999, 0.00483410188999999, 0.00483410188999999, 0.00483410188999999]
std = [0.0, 0.0, 0.0, 0.0, 0.0, 0.0, 0.0, 0.0, 0.0, 0.0, 0.0, 0.0, 0.0, 0.0, 0.0, 0.0, 0.0, 0.0, 0.0, 0.0, 0.0, 0.0, 0.0, 0.0, 0.0, 0.0, 0.0, 0.0, 0.0, 0.0, 0.0, 0.0, 0.0, 0.0, 0.0, 0.0, 0.0, 0.0, 0.0, 0.0, 0.0, 0.0, 0.0, 0.0, 0.0, 0.0, 0.0, 0.0, 0.0, 0.0]
