global cost:
avg = [9.059363098570214, 5.581596401423727, 3.2426907238671916, 2.3462169235396395, 2.01017818278147, 1.8387556966866545, 1.5531809727203776, 1.406904916225318, 1.323849432370475, 1.2435400084345174, 1.1927616745901648, 1.13972324367144, 1.0745413790346707, 1.035453981813585, 0.9415932976313764, 0.8851582653058012, 0.8494995494619656, 0.7994843699109813, 0.773264601756667, 0.773264601756667, 0.75981549578096, 0.7461240050607104, 0.7461240050607104, 0.7461240050607104, 0.7461240050607104, 0.7461240050607104, 0.7461240050607104, 0.7461240050607104, 0.7461240050607104, 0.7461240050607104, 0.7461240050607104, 0.7461240050607104, 0.7461240050607104, 0.7461240050607104, 0.7461240050607104, 0.7321765321469981, 0.7321765321469981, 0.717958158617738, 0.717958158617738, 0.717958158617738, 0.717958158617738, 0.717958158617738, 0.717958158617738, 0.717958158617738, 0.717958158617738, 0.717958158617738, 0.717958158617738, 0.717958158617738, 0.717958158617738, 0.717958158617738]
std = [0.0, 0.0, 0.0, 0.0, 0.0, 0.0, 0.0, 0.0, 0.0, 0.0, 0.0, 0.0, 0.0, 0.0, 0.0, 0.0, 0.0, 0.0, 0.0, 0.0, 0.0, 0.0, 0.0, 0.0, 0.0, 0.0, 0.0, 0.0, 0.0, 0.0, 0.0, 0.0, 0.0, 0.0, 0.0, 0.0, 0.0, 0.0, 0.0, 0.0, 0.0, 0.0, 0.0, 0.0, 0.0, 0.0, 0.0, 0.0, 0.0, 0.0]
