local cost:
avg = [0.006029953349999947, 0.005375576699999974, 0.005131337309999978, 0.0046843324099999925, 0.004695853119999989, 0.004658986709999988, 0.00463594518999999, 0.004642857589999992, 0.004668203239999989, 0.004711982039999987, 0.004748848449999984, 0.004695853089999985, 0.004751152609999984, 0.0048433184799999834, 0.004755760939999981, 0.004762673339999983, 0.004778802409999981, 0.004790323159999981, 0.004771889989999981, 0.004771889989999981, 0.004771889989999981, 0.004769585849999982, 0.0047672816899999824, 0.004778802439999983, 0.004778802439999983, 0.004778802439999983, 0.004778802439999983, 0.004778802439999983, 0.004778802439999983, 0.0047672816899999824, 0.0047672816899999824, 0.0047672816899999824, 0.0047672816899999824, 0.0047672816899999824, 0.004769585829999983, 0.004801843879999982, 0.004801843879999982, 0.004794931449999981, 0.004794931449999981, 0.004794931449999981, 0.0047972355899999816, 0.0047972355899999816, 0.0047972355899999816, 0.0047972355899999816, 0.0047972355899999816, 0.0047972355899999816, 0.0047972355899999816, 0.0047972355899999816, 0.004794931449999981, 0.004794931449999981]
std = [0.0, 0.0, 0.0, 0.0, 0.0, 0.0, 0.0, 0.0, 0.0, 0.0, 0.0, 0.0, 0.0, 0.0, 0.0, 0.0, 0.0, 0.0, 0.0, 0.0, 0.0, 0.0, 0.0, 0.0, 0.0, 0.0, 0.0, 0.0, 0.0, 0.0, 0.0, 0.0, 0.0, 0.0, 0.0, 0.0, 0.0, 0.0, 0.0, 0.0, 0.0, 0.0, 0.0, 0.0, 0.0, 0.0, 0.0, 0.0, 0.0, 0.0]
