global cost:
avg = [9.059363098570214, 5.581596401423727, 3.2426907238671916, 2.3549885277227722, 1.9947332293887123, 1.8048022528497236, 1.5194925349089465, 1.4357697876859103, 1.3620753709767073, 1.292161872952478, 1.2182427080031208, 1.1839092316553044, 1.102757479452928, 1.0451615752041352, 1.0151389304819791, 0.9522582149679312, 0.9303540157229659, 0.8964947989078106, 0.8613055522668266, 0.8492518458411688, 0.8370245760810141, 0.8370245760810141, 0.8246160223173997, 0.8246160223173997, 0.8246160223173997, 0.8246160223173997, 0.8246160223173997, 0.8120178739175263, 0.7992211651730131, 0.7595385446160163, 0.7458419698946857, 0.7458419698946857, 0.7458419698946857, 0.7458419698946857, 0.7458419698946857, 0.7458419698946857, 0.7458419698946857, 0.7458419698946857, 0.7458419698946857, 0.7458419698946857, 0.7458419698946857, 0.7458419698946857, 0.7458419698946857, 0.7458419698946857, 0.7458419698946857, 0.7458419698946857, 0.7458419698946857, 0.7458419698946857, 0.7458419698946857, 0.7458419698946857]
std = [0.0, 0.0, 0.0, 0.0, 0.0, 0.0, 0.0, 0.0, 0.0, 0.0, 0.0, 0.0, 0.0, 0.0, 0.0, 0.0, 0.0, 0.0, 0.0, 0.0, 0.0, 0.0, 0.0, 0.0, 0.0, 0.0, 0.0, 0.0, 0.0, 0.0, 0.0, 0.0, 0.0, 0.0, 0.0, 0.0, 0.0, 0.0, 0.0, 0.0, 0.0, 0.0, 0.0, 0.0, 0.0, 0.0, 0.0, 0.0, 0.0, 0.0]
