local cost:
avg = [0.006029953349999947, 0.005391705689999972, 0.005147466299999979, 0.004778802459999991, 0.004790323169999986, 0.004937788409999978, 0.004854839089999984, 0.004843318339999985, 0.004834101739999984, 0.004836405879999984, 0.004788018819999985, 0.004801843669999984, 0.004801843689999985, 0.00466820327999999, 0.004684332279999991, 0.004709677839999991, 0.004707373699999992, 0.004682028049999994, 0.004725806849999991, 0.004714286109999994, 0.004718894409999992, 0.004725806849999992, 0.0047073736399999965, 0.004700461229999997, 0.004700461229999997, 0.004700461229999997, 0.004700461229999997, 0.004702765369999996, 0.004748848269999995, 0.004753456569999997, 0.004753456569999997, 0.004753456569999997, 0.004753456569999997, 0.004753456569999997, 0.004751152459999997, 0.004751152459999997, 0.004751152459999997, 0.004751152459999997, 0.004744240019999997, 0.004744240019999997, 0.004744240019999997, 0.004744240019999997, 0.004841014169999998, 0.004841014169999998, 0.004744240019999997, 0.004744240019999997, 0.004744240019999997, 0.004744240019999997, 0.004744240019999997, 0.004753456609999996]
std = [0.0, 0.0, 0.0, 0.0, 0.0, 0.0, 0.0, 0.0, 0.0, 0.0, 0.0, 0.0, 0.0, 0.0, 0.0, 0.0, 0.0, 0.0, 0.0, 0.0, 0.0, 0.0, 0.0, 0.0, 0.0, 0.0, 0.0, 0.0, 0.0, 0.0, 0.0, 0.0, 0.0, 0.0, 0.0, 0.0, 0.0, 0.0, 0.0, 0.0, 0.0, 0.0, 0.0, 0.0, 0.0, 0.0, 0.0, 0.0, 0.0, 0.0]
