global cost:
avg = [9.059363098570214, 5.492224291372013, 3.162211127222305, 2.3063319019591546, 1.7643642693571588, 1.5988371537015227, 1.4642093805312706, 1.3158791646709618, 1.1574909929220012, 1.0933688772725991, 1.015138930481979, 0.9630235016212956, 0.9192061998653064, 0.8964947989078109, 0.8849205431945432, 0.8849205431945432, 0.8731928830829385, 0.8492518458411688, 0.8246160223174, 0.7992211651730132, 0.7862162006467929, 0.7862162006467929, 0.7862162006467929, 0.7862162006467929, 0.7862162006467929, 0.7862162006467929, 0.7862162006467929, 0.7862162006467929, 0.7862162006467928, 0.7862162006467928, 0.7665009258060418, 0.7665009258060418, 0.7665009258060418, 0.7665009258060418, 0.7665009258060418, 0.7665009258060418, 0.7665009258060417, 0.7665009258060416, 0.7665009258060416, 0.7665009258060416, 0.7665009258060416, 0.7665009258060416, 0.7665009258060416, 0.7665009258060416, 0.7665009258060416, 0.7529310144764181, 0.7529310144764181, 0.7529310144764181, 0.7529310144764181, 0.7529310144764181]
std = [0.0, 0.0, 0.0, 0.0, 0.0, 0.0, 0.0, 0.0, 0.0, 0.0, 0.0, 0.0, 0.0, 0.0, 0.0, 0.0, 0.0, 0.0, 0.0, 0.0, 0.0, 0.0, 0.0, 0.0, 0.0, 0.0, 0.0, 0.0, 0.0, 0.0, 0.0, 0.0, 0.0, 0.0, 0.0, 0.0, 0.0, 0.0, 0.0, 0.0, 0.0, 0.0, 0.0, 0.0, 0.0, 0.0, 0.0, 0.0, 0.0, 0.0]
