local cost:
avg = [0.006029953349999947, 0.005520737539999962, 0.005274194009999976, 0.004976958729999979, 0.004900921779999984, 0.004898617639999984, 0.004919354909999986, 0.004914746569999985, 0.004898617609999986, 0.004656682579999992, 0.004658986759999992, 0.004661290899999992, 0.004665899189999992, 0.0046635950499999915, 0.0046635950499999915, 0.0046635950499999915, 0.0046635950499999915, 0.0046635950499999915, 0.0046751158099999895, 0.00474884851999999, 0.00464977022999999, 0.00464977022999999, 0.004665899219999991, 0.004665899219999991, 0.004665899219999991, 0.004665899219999991, 0.004665899219999991, 0.004665899219999991, 0.004668203359999991, 0.004668203359999991, 0.00468433236999999, 0.00467741992999999, 0.00467741992999999, 0.00467741992999999, 0.004758064629999989, 0.004758064629999989, 0.004755760489999988, 0.004760368769999988, 0.004760368769999988, 0.004760368769999988, 0.004760368769999988, 0.004760368769999988, 0.004760368769999988, 0.004760368769999988, 0.004760368769999988, 0.004758064629999988, 0.004758064629999988, 0.004758064629999988, 0.004758064629999988, 0.004758064629999988]
std = [0.0, 0.0, 0.0, 0.0, 0.0, 0.0, 0.0, 0.0, 0.0, 0.0, 0.0, 0.0, 0.0, 0.0, 0.0, 0.0, 0.0, 0.0, 0.0, 0.0, 0.0, 0.0, 0.0, 0.0, 0.0, 0.0, 0.0, 0.0, 0.0, 0.0, 0.0, 0.0, 0.0, 0.0, 0.0, 0.0, 0.0, 0.0, 0.0, 0.0, 0.0, 0.0, 0.0, 0.0, 0.0, 0.0, 0.0, 0.0, 0.0, 0.0]
