global cost:
avg = [9.059363098570214, 5.555678049938807, 3.3212207165709575, 2.4578072191550366, 2.144182211813737, 1.899427975946696, 1.7408351582444843, 1.6307584209690718, 1.4571515203762222, 1.3391764805723858, 1.235051581515865, 1.1839092316553044, 1.1395386282586029, 1.1027574794529276, 1.0647064532937005, 1.015138930481979, 1.004932083018084, 0.9413698270461403, 0.8964947989078109, 0.884920543194543, 0.8613055522668266, 0.8492518458411688, 0.8370245760810142, 0.8246160223173999, 0.7992211651730131, 0.7992211651730131, 0.7862162006467927, 0.7729924692119885, 0.7729924692119885, 0.7729924692119885, 0.7729924692119885, 0.7729924692119885, 0.7729924692119885, 0.7729924692119883, 0.7595385446160161, 0.7595385446160161, 0.7595385446160161, 0.7595385446160161, 0.7529310144764179, 0.7391120049488149, 0.7391120049488147, 0.7250296539855637, 0.7250296539855634, 0.7106683069177878, 0.7106683069177876, 0.7106683069177876, 0.7106683069177876, 0.7106683069177876, 0.7106683069177876, 0.7106683069177876]
std = [0.0, 0.0, 0.0, 0.0, 0.0, 0.0, 0.0, 0.0, 0.0, 0.0, 0.0, 0.0, 0.0, 0.0, 0.0, 0.0, 0.0, 0.0, 0.0, 0.0, 0.0, 0.0, 0.0, 0.0, 0.0, 0.0, 0.0, 0.0, 0.0, 0.0, 0.0, 0.0, 0.0, 0.0, 0.0, 0.0, 0.0, 0.0, 0.0, 0.0, 0.0, 0.0, 0.0, 0.0, 0.0, 0.0, 0.0, 0.0, 0.0, 0.0]
