local cost:
avg = [0.006029953349999947, 0.005384793259999972, 0.005133641439999978, 0.004730415359999989, 0.004670507539999989, 0.004937789049999988, 0.004889401969999991, 0.004990784349999987, 0.005066821239999986, 0.004919356139999987, 0.00485944826999999, 0.0048387109699999905, 0.004834102679999991, 0.00470506997999999, 0.00470737415999999, 0.004711982409999991, 0.004711982409999991, 0.00470506998999999, 0.0046290331899999934, 0.004642858079999993, 0.004615208289999995, 0.004642858039999993, 0.004645162149999995, 0.004624424839999995, 0.004629033149999995, 0.004629033149999995, 0.004562212849999998, 0.004550692099999997, 0.004552996239999997, 0.004552996239999997, 0.004552996239999997, 0.004552996239999997, 0.004552996239999997, 0.004543779659999997, 0.004543779659999997, 0.004543779659999997, 0.004504609170000001, 0.004504609170000001, 0.004504609170000001, 0.004502305030000001, 0.004682028289999998, 0.004686636600000001, 0.00469354901, 0.004686636570000001, 0.004709678080000001, 0.004709678080000001, 0.004709678080000001, 0.004709678080000001, 0.004709678080000001, 0.004709678080000001]
std = [0.0, 0.0, 0.0, 0.0, 0.0, 0.0, 0.0, 0.0, 0.0, 0.0, 0.0, 0.0, 0.0, 0.0, 0.0, 0.0, 0.0, 0.0, 0.0, 0.0, 0.0, 0.0, 0.0, 0.0, 0.0, 0.0, 0.0, 0.0, 0.0, 0.0, 0.0, 0.0, 0.0, 0.0, 0.0, 0.0, 0.0, 0.0, 0.0, 0.0, 0.0, 0.0, 0.0, 0.0, 0.0, 0.0, 0.0, 0.0, 0.0, 0.0]
