global cost:
avg = [9.059363098570214, 5.581596401423727, 3.2426907238671916, 2.3940630685124296, 2.0407174392200402, 1.82454107565594, 1.6147137988571383, 1.4463183379511846, 1.3236904973278987, 1.2097506928709512, 1.1485498865937558, 1.0933688772725991, 1.0252441684209315, 0.9736697701869832, 0.9413698270461403, 0.8849205431945432, 0.8731928830829384, 0.8310333644124487, 0.818533992003779, 0.7929443755167073, 0.7665009258060418, 0.7665009258060416, 0.7665009258060416, 0.7665009258060416, 0.7665009258060416, 0.7665009258060416, 0.7665009258060416, 0.7665009258060416, 0.7665009258060416, 0.7665009258060416, 0.7665009258060416, 0.7665009258060416, 0.7529310144764181, 0.7529310144764181, 0.7529310144764181, 0.7529310144764179, 0.7529310144764179, 0.7391120049488149, 0.7391120049488149, 0.7391120049488149, 0.7391120049488149, 0.7391120049488149, 0.7391120049488149, 0.7391120049488149, 0.7391120049488149, 0.7391120049488149, 0.7391120049488149, 0.7250296539855636, 0.7250296539855635, 0.7250296539855635]
std = [0.0, 0.0, 0.0, 0.0, 0.0, 0.0, 0.0, 0.0, 0.0, 0.0, 0.0, 0.0, 0.0, 0.0, 0.0, 0.0, 0.0, 0.0, 0.0, 0.0, 0.0, 0.0, 0.0, 0.0, 0.0, 0.0, 0.0, 0.0, 0.0, 0.0, 0.0, 0.0, 0.0, 0.0, 0.0, 0.0, 0.0, 0.0, 0.0, 0.0, 0.0, 0.0, 0.0, 0.0, 0.0, 0.0, 0.0, 0.0, 0.0, 0.0]
