local cost:
avg = [0.006029953349999947, 0.005391705689999972, 0.005147466299999979, 0.00478110659999999, 0.004792627309999986, 0.004808756319999988, 0.004778802429999989, 0.004824885349999987, 0.00474193604999999, 0.004811060569999989, 0.0048064522799999895, 0.004822581239999989, 0.004790323189999989, 0.004767281729999989, 0.004764977579999988, 0.004776498329999988, 0.004753456879999988, 0.00478341076999999, 0.004781106629999989, 0.004781106629999989, 0.004783410779999989, 0.004774194199999989, 0.004774194199999989, 0.004774194199999989, 0.004774194199999989, 0.004783410809999989, 0.004783410809999989, 0.004783410809999989, 0.004783410809999989, 0.004783410809999989, 0.004783410809999989, 0.004783410809999989, 0.004776498369999989, 0.004776498369999989, 0.004776498369999989, 0.0046474663599999876, 0.0046474663599999876, 0.0046474663599999876, 0.004656682909999988, 0.004656682909999988, 0.004656682909999988, 0.0046474663599999876, 0.004656682909999988, 0.004656682909999988, 0.004656682909999988, 0.004656682909999988, 0.004675116059999989, 0.004771889759999989, 0.00482027680999999, 0.00482027680999999]
std = [0.0, 0.0, 0.0, 0.0, 0.0, 0.0, 0.0, 0.0, 0.0, 0.0, 0.0, 0.0, 0.0, 0.0, 0.0, 0.0, 0.0, 0.0, 0.0, 0.0, 0.0, 0.0, 0.0, 0.0, 0.0, 0.0, 0.0, 0.0, 0.0, 0.0, 0.0, 0.0, 0.0, 0.0, 0.0, 0.0, 0.0, 0.0, 0.0, 0.0, 0.0, 0.0, 0.0, 0.0, 0.0, 0.0, 0.0, 0.0, 0.0, 0.0]
