global cost:
avg = [9.059363098570214, 5.581596401423727, 3.2426907238671916, 2.3549885277227722, 1.9791677509307866, 1.7818072132212606, 1.6433533220107, 1.5397120619606475, 1.4067553648120628, 1.3002775278703143, 1.214134097785681, 1.1531659509795775, 1.1075644121194388, 1.0203587196100201, 0.9685242037135907, 0.8792557532201863, 0.8310333644124485, 0.805840765514262, 0.7798347427260149, 0.7665009258060417, 0.7665009258060416, 0.7529310144764181, 0.739112004948815, 0.7250296539855637, 0.7250296539855636, 0.7250296539855636, 0.7250296539855636, 0.7250296539855636, 0.7106683069177879, 0.6960106937083397, 0.6960106937083397, 0.6960106937083397, 0.6960106937083397, 0.6960106937083397, 0.6960106937083397, 0.6960106937083397, 0.6960106937083397, 0.6960106937083397, 0.6960106937083397, 0.6960106937083397, 0.6960106937083397, 0.6960106937083397, 0.6960106937083397, 0.6960106937083397, 0.6960106937083397, 0.6960106937083397, 0.6960106937083397, 0.6960106937083397, 0.6960106937083397, 0.6960106937083397]
std = [0.0, 0.0, 0.0, 0.0, 0.0, 0.0, 0.0, 0.0, 0.0, 0.0, 0.0, 0.0, 0.0, 0.0, 0.0, 0.0, 0.0, 0.0, 0.0, 0.0, 0.0, 0.0, 0.0, 0.0, 0.0, 0.0, 0.0, 0.0, 0.0, 0.0, 0.0, 0.0, 0.0, 0.0, 0.0, 0.0, 0.0, 0.0, 0.0, 0.0, 0.0, 0.0, 0.0, 0.0, 0.0, 0.0, 0.0, 0.0, 0.0, 0.0]
