local cost:
avg = [0.006029953349999947, 0.005391705689999972, 0.005147466299999979, 0.004778802459999991, 0.004785714879999987, 0.004797235679999984, 0.004847926939999984, 0.004850231079999983, 0.004820277199999985, 0.004788019109999988, 0.004758065199999989, 0.0047603693399999895, 0.004698157239999992, 0.004557604509999992, 0.004548387889999994, 0.004576037589999991, 0.004573733439999992, 0.004571429299999991, 0.0045622126899999916, 0.0045622126899999916, 0.004668203099999991, 0.004668203099999991, 0.004555300249999992, 0.004552996109999993, 0.004559908549999991, 0.004559908549999991, 0.004559908549999991, 0.004550691999999991, 0.004555300289999992, 0.004555300289999992, 0.004555300289999992, 0.004555300289999992, 0.004555300289999992, 0.004555300289999992, 0.004555300289999992, 0.004555300289999992, 0.004555300289999992, 0.004569125139999992, 0.004569125139999992, 0.004569125139999992, 0.004569125139999992, 0.004569125139999992, 0.004569125139999992, 0.004569125139999992, 0.004569125139999992, 0.004569125139999992, 0.004569125139999992, 0.004569125139999992, 0.004569125139999992, 0.004569125139999992]
std = [0.0, 0.0, 0.0, 0.0, 0.0, 0.0, 0.0, 0.0, 0.0, 0.0, 0.0, 0.0, 0.0, 0.0, 0.0, 0.0, 0.0, 0.0, 0.0, 0.0, 0.0, 0.0, 0.0, 0.0, 0.0, 0.0, 0.0, 0.0, 0.0, 0.0, 0.0, 0.0, 0.0, 0.0, 0.0, 0.0, 0.0, 0.0, 0.0, 0.0, 0.0, 0.0, 0.0, 0.0, 0.0, 0.0, 0.0, 0.0, 0.0, 0.0]
