global cost:
avg = [9.059363098570214, 5.516572205985363, 3.168724716116978, 2.233667373352182, 1.9870451458206884, 1.7140709241974341, 1.5892350358453677, 1.3809820049977115, 1.272183754146022, 1.214134097785681, 1.1620715413431584, 1.0792790449602851, 1.0502321585189116, 1.010204612929068, 0.9578207433951376, 0.8909036066106301, 0.8554844043983124, 0.8310333644124486, 0.818533992003779, 0.7929443755167072, 0.7665009258060417, 0.7665009258060417, 0.7665009258060416, 0.7391120049488149, 0.7391120049488149, 0.7391120049488149, 0.7391120049488149, 0.7391120049488149, 0.7391120049488149, 0.7391120049488149, 0.7391120049488149, 0.7391120049488149, 0.7391120049488149, 0.7391120049488149, 0.7391120049488149, 0.7391120049488149, 0.7391120049488149, 0.7391120049488149, 0.7391120049488149, 0.7391120049488149, 0.7391120049488149, 0.7391120049488149, 0.7391120049488149, 0.7391120049488149, 0.7391120049488149, 0.7391120049488149, 0.7391120049488149, 0.7391120049488149, 0.7391120049488149, 0.7391120049488149]
std = [0.0, 0.0, 0.0, 0.0, 0.0, 0.0, 0.0, 0.0, 0.0, 0.0, 0.0, 0.0, 0.0, 0.0, 0.0, 0.0, 0.0, 0.0, 0.0, 0.0, 0.0, 0.0, 0.0, 0.0, 0.0, 0.0, 0.0, 0.0, 0.0, 0.0, 0.0, 0.0, 0.0, 0.0, 0.0, 0.0, 0.0, 0.0, 0.0, 0.0, 0.0, 0.0, 0.0, 0.0, 0.0, 0.0, 0.0, 0.0, 0.0, 0.0]
