local cost:
avg = [0.006029953349999947, 0.005396313979999971, 0.005147466299999978, 0.004873272499999985, 0.004815668759999986, 0.004847926749999986, 0.004859447479999988, 0.0048156687199999906, 0.004806452109999992, 0.00480184381999999, 0.004781106519999992, 0.004801843869999991, 0.004797235569999991, 0.004831797709999992, 0.00481106042999999, 0.004788018929999993, 0.004824885339999993, 0.004824885339999992, 0.004822581199999992, 0.004797235549999994, 0.004806452119999995, 0.004806452119999995, 0.004797235529999995, 0.004806452079999995, 0.004806452079999995, 0.004799539639999995, 0.004799539639999995, 0.004799539639999995, 0.004799539639999995, 0.004799539639999995, 0.004804147929999995, 0.004804147929999995, 0.004804147929999995, 0.004850230839999995, 0.004850230839999995, 0.004850230839999995, 0.004976959399999995, 0.004976959399999995, 0.004976959399999995, 0.004850230839999995, 0.004850230839999995, 0.004850230839999995, 0.004850230839999995, 0.004850230839999995, 0.004850230839999995, 0.004850230839999995, 0.004804147929999995, 0.004804147929999995, 0.004804147929999995, 0.004804147929999995]
std = [0.0, 0.0, 0.0, 0.0, 0.0, 0.0, 0.0, 0.0, 0.0, 0.0, 0.0, 0.0, 0.0, 0.0, 0.0, 0.0, 0.0, 0.0, 0.0, 0.0, 0.0, 0.0, 0.0, 0.0, 0.0, 0.0, 0.0, 0.0, 0.0, 0.0, 0.0, 0.0, 0.0, 0.0, 0.0, 0.0, 0.0, 0.0, 0.0, 0.0, 0.0, 0.0, 0.0, 0.0, 0.0, 0.0, 0.0, 0.0, 0.0, 0.0]
