global cost:
avg = [9.059363098570214, 5.581596401423727, 3.2426907238671916, 2.350606817186754, 1.9739519826032743, 1.7643642693571595, 1.5988371537015227, 1.4782240098976305, 1.3696232594850182, 1.315879164670962, 1.2352219217113534, 1.1665439307064442, 1.1214864951317456, 1.0745413790346707, 1.0254493608913984, 0.9844146306046317, 0.9305801316615883, 0.8851582653058012, 0.8494995494619656, 0.8248711239545367, 0.7994843699109813, 0.773264601756667, 0.75981549578096, 0.7461240050607104, 0.7461240050607104, 0.7461240050607104, 0.7321765321469981, 0.717958158617738, 0.717958158617738, 0.717958158617738, 0.717958158617738, 0.717958158617738, 0.717958158617738, 0.717958158617738, 0.717958158617738, 0.717958158617738, 0.717958158617738, 0.717958158617738, 0.717958158617738, 0.717958158617738, 0.717958158617738, 0.717958158617738, 0.717958158617738, 0.703452458112659, 0.703452458112659, 0.703452458112659, 0.703452458112659, 0.703452458112659, 0.703452458112659, 0.703452458112659]
std = [0.0, 0.0, 0.0, 0.0, 0.0, 0.0, 0.0, 0.0, 0.0, 0.0, 0.0, 0.0, 0.0, 0.0, 0.0, 0.0, 0.0, 0.0, 0.0, 0.0, 0.0, 0.0, 0.0, 0.0, 0.0, 0.0, 0.0, 0.0, 0.0, 0.0, 0.0, 0.0, 0.0, 0.0, 0.0, 0.0, 0.0, 0.0, 0.0, 0.0, 0.0, 0.0, 0.0, 0.0, 0.0, 0.0, 0.0, 0.0, 0.0, 0.0]
