local cost:
avg = [0.006029953349999947, 0.005396313979999971, 0.005147466299999979, 0.004778802459999991, 0.004785714879999987, 0.004815668899999985, 0.004804148159999986, 0.004875576719999985, 0.004910138899999986, 0.004903226419999986, 0.004822581209999988, 0.0049470056099999845, 0.004960830439999984, 0.005076037819999984, 0.005099079269999982, 0.005055300449999984, 0.005071429499999984, 0.005055300479999984, 0.005048388039999983, 0.005016129919999982, 0.0050299547899999835, 0.005027650649999984, 0.005023042359999984, 0.005025346499999983, 0.0051566833499999834, 0.0051566833499999834, 0.005154379209999984, 0.005142858519999984, 0.005016129959999983, 0.005011521669999984, 0.005011521669999984, 0.005011521669999984, 0.005011521669999984, 0.005011521669999984, 0.005011521669999984, 0.005011521669999984, 0.005011521669999984, 0.005011521669999984, 0.005011521669999984, 0.005011521669999984, 0.005016129959999983, 0.005016129959999983, 0.004942397319999982, 0.004953918029999979, 0.004953918029999979, 0.004953918029999979, 0.004953918029999979, 0.004953918029999979, 0.004953918029999979, 0.004953918029999979]
std = [0.0, 0.0, 0.0, 0.0, 0.0, 0.0, 0.0, 0.0, 0.0, 0.0, 0.0, 0.0, 0.0, 0.0, 0.0, 0.0, 0.0, 0.0, 0.0, 0.0, 0.0, 0.0, 0.0, 0.0, 0.0, 0.0, 0.0, 0.0, 0.0, 0.0, 0.0, 0.0, 0.0, 0.0, 0.0, 0.0, 0.0, 0.0, 0.0, 0.0, 0.0, 0.0, 0.0, 0.0, 0.0, 0.0, 0.0, 0.0, 0.0, 0.0]
