global cost:
avg = [9.059363098570214, 5.5445330961556785, 3.2139502361338845, 2.411226286108227, 2.0204092258581365, 1.7701976815274765, 1.6433533220107002, 1.4956631323075376, 1.3958325155725384, 1.327697782336132, 1.2393455036869025, 1.1620715413431584, 1.107564412119439, 1.0696843927950686, 1.0502321585189116, 1.0252441684209315, 0.9946204978674198, 0.9192061998653064, 0.8731928830829385, 0.8370245760810142, 0.8120178739175263, 0.7992211651730132, 0.7992211651730131, 0.7992211651730131, 0.7862162006467928, 0.7729924692119885, 0.7595385446160163, 0.7595385446160162, 0.7595385446160162, 0.7458419698946858, 0.7318891223097624, 0.7318891223097624, 0.7318891223097624, 0.7318891223097624, 0.7318891223097624, 0.7318891223097624, 0.7318891223097624, 0.7318891223097624, 0.7318891223097624, 0.7318891223097624, 0.7318891223097624, 0.7318891223097624, 0.7318891223097624, 0.7318891223097624, 0.7318891223097624, 0.717665054642013, 0.717665054642013, 0.717665054642013, 0.717665054642013, 0.717665054642013]
std = [0.0, 0.0, 0.0, 0.0, 0.0, 0.0, 0.0, 0.0, 0.0, 0.0, 0.0, 0.0, 0.0, 0.0, 0.0, 0.0, 0.0, 0.0, 0.0, 0.0, 0.0, 0.0, 0.0, 0.0, 0.0, 0.0, 0.0, 0.0, 0.0, 0.0, 0.0, 0.0, 0.0, 0.0, 0.0, 0.0, 0.0, 0.0, 0.0, 0.0, 0.0, 0.0, 0.0, 0.0, 0.0, 0.0, 0.0, 0.0, 0.0, 0.0]
