local cost:
avg = [0.006029953349999947, 0.0053940098299999715, 0.005145162149999979, 0.004875576639999986, 0.004884793199999983, 0.004817972959999983, 0.004822581259999983, 0.004771889959999987, 0.004781106539999985, 0.004778802399999987, 0.00473271934999999, 0.004725806899999989, 0.00471889449999999, 0.004783410499999989, 0.00478571464999999, 0.00478341051999999, 0.004808756169999991, 0.00476267330999999, 0.004785714819999989, 0.00478801893999999, 0.004790323079999989, 0.004790323079999989, 0.004806452079999989, 0.004804147939999988, 0.004799539659999988, 0.004834101819999988, 0.004834101819999988, 0.004824885209999988, 0.004824885209999988, 0.004778802279999988, 0.004801843789999988, 0.004801843789999988, 0.004801843789999988, 0.004801843789999988, 0.004801843789999988, 0.004801843789999988, 0.004801843789999988, 0.0048986179399999885, 0.004808756199999988, 0.004808756199999988, 0.004808756199999988, 0.004811060339999989, 0.004811060339999989, 0.004811060339999989, 0.004820276889999989, 0.0048179727399999895, 0.0048179727399999895, 0.0048179727399999895, 0.0048179727399999895, 0.0048179727399999895]
std = [0.0, 0.0, 0.0, 0.0, 0.0, 0.0, 0.0, 0.0, 0.0, 0.0, 0.0, 0.0, 0.0, 0.0, 0.0, 0.0, 0.0, 0.0, 0.0, 0.0, 0.0, 0.0, 0.0, 0.0, 0.0, 0.0, 0.0, 0.0, 0.0, 0.0, 0.0, 0.0, 0.0, 0.0, 0.0, 0.0, 0.0, 0.0, 0.0, 0.0, 0.0, 0.0, 0.0, 0.0, 0.0, 0.0, 0.0, 0.0, 0.0, 0.0]
