global cost:
avg = [9.059363098570214, 5.581596401423727, 3.2426907238671916, 2.350606817186754, 1.9739519826032743, 1.7643642693571595, 1.5988371537015227, 1.4782240098976305, 1.3696232594850182, 1.315879164670962, 1.2352219217113534, 1.112255996640097, 1.035453981813585, 0.9632419486019034, 0.9305801316615883, 0.8967294527003149, 0.8734337971123766, 0.8248711239545367, 0.7864837576396145, 0.75981549578096, 0.717958158617738, 0.703452458112659, 0.6810376854883534, 0.6810376854883533, 0.6810376854883533, 0.6810376854883533, 0.6810376854883533, 0.6810376854883533, 0.6810376854883533, 0.6810376854883533, 0.6810376854883533, 0.6810376854883533, 0.6810376854883533, 0.6810376854883533, 0.6810376854883533, 0.6810376854883533, 0.6810376854883533, 0.6810376854883533, 0.6810376854883533, 0.6810376854883533, 0.6810376854883533, 0.6810376854883533, 0.6810376854883533, 0.6810376854883533, 0.6657280017802333, 0.650057855619999, 0.6500578556199988, 0.63400051967821, 0.63400051967821, 0.63400051967821]
std = [0.0, 0.0, 0.0, 0.0, 0.0, 0.0, 0.0, 0.0, 0.0, 0.0, 0.0, 0.0, 0.0, 0.0, 0.0, 0.0, 0.0, 0.0, 0.0, 0.0, 0.0, 0.0, 0.0, 0.0, 0.0, 0.0, 0.0, 0.0, 0.0, 0.0, 0.0, 0.0, 0.0, 0.0, 0.0, 0.0, 0.0, 0.0, 0.0, 0.0, 0.0, 0.0, 0.0, 0.0, 0.0, 0.0, 0.0, 0.0, 0.0, 0.0]
