local cost:
avg = [0.006029953349999947, 0.005391705689999972, 0.005154378739999978, 0.004785714899999989, 0.0047926273199999855, 0.004822581339999984, 0.004811060599999984, 0.004882489159999986, 0.004917051339999984, 0.004910138859999985, 0.0048294936499999885, 0.004949309749999985, 0.004979263629999983, 0.005025346649999978, 0.005020738349999978, 0.004986176149999982, 0.004970047119999983, 0.0049769595699999825, 0.004834102669999983, 0.004852535859999982, 0.004875577299999981, 0.00486866485999998, 0.004829494309999986, 0.004820277759999985, 0.004820277759999985, 0.004820277759999985, 0.004820277759999985, 0.004820277759999985, 0.004820277759999985, 0.004820277759999985, 0.004820277759999985, 0.004820277759999985, 0.004820277759999985, 0.004820277759999985, 0.004820277759999985, 0.004820277759999985, 0.004820277759999985, 0.004820277759999985, 0.004843319249999986, 0.004843319249999986, 0.004843319249999986, 0.004843319249999986, 0.004843319249999986, 0.004843319249999986, 0.004845623389999985, 0.004845623389999986, 0.0048179735399999845, 0.004831798389999984, 0.004831798389999984, 0.004831798389999984]
std = [0.0, 0.0, 0.0, 0.0, 0.0, 0.0, 0.0, 0.0, 0.0, 0.0, 0.0, 0.0, 0.0, 0.0, 0.0, 0.0, 0.0, 0.0, 0.0, 0.0, 0.0, 0.0, 0.0, 0.0, 0.0, 0.0, 0.0, 0.0, 0.0, 0.0, 0.0, 0.0, 0.0, 0.0, 0.0, 0.0, 0.0, 0.0, 0.0, 0.0, 0.0, 0.0, 0.0, 0.0, 0.0, 0.0, 0.0, 0.0, 0.0, 0.0]
