local cost:
avg = [0.006029953349999947, 0.00540092223999997, 0.005156682849999978, 0.0047880190099999905, 0.004794931429999986, 0.004824885449999985, 0.004813364709999985, 0.004884793269999985, 0.004919355449999985, 0.004912442969999985, 0.004831797759999989, 0.004956222159999985, 0.004970046989999983, 0.005085254369999984, 0.005069125279999987, 0.005071429419999986, 0.005071429419999986, 0.005062212869999985, 0.005050692149999985, 0.005062212909999985, 0.0050691253199999856, 0.0050691253199999856, 0.005078341899999985, 0.005078341899999985, 0.005078341899999985, 0.005078341899999985, 0.005078341899999985, 0.005078341899999985, 0.005078341899999985, 0.005078341899999985, 0.005078341899999985, 0.005078341899999985, 0.005078341899999985, 0.005078341899999985, 0.005050692199999985, 0.0050576046399999856, 0.0050576046399999856, 0.0050576046399999856, 0.0050576046399999856, 0.005011521689999986, 0.005011521689999986, 0.005011521689999986, 0.005011521689999986, 0.005011521689999986, 0.005016129999999985, 0.005016129999999985, 0.005016129999999985, 0.005016129999999985, 0.005016129999999985, 0.005016129999999985]
std = [0.0, 0.0, 0.0, 0.0, 0.0, 0.0, 0.0, 0.0, 0.0, 0.0, 0.0, 0.0, 0.0, 0.0, 0.0, 0.0, 0.0, 0.0, 0.0, 0.0, 0.0, 0.0, 0.0, 0.0, 0.0, 0.0, 0.0, 0.0, 0.0, 0.0, 0.0, 0.0, 0.0, 0.0, 0.0, 0.0, 0.0, 0.0, 0.0, 0.0, 0.0, 0.0, 0.0, 0.0, 0.0, 0.0, 0.0, 0.0, 0.0, 0.0]
