global cost:
avg = [3.533114430281794, 1.780467851475102, 1.478207592764993, 1.2611574899106641, 1.1432654346170343, 1.0013970043886065, 0.9183688653177494, 0.8141998455161059, 0.7485627995649057, 0.6984861391756971, 0.6409398316224049, 0.6226202533979986, 0.5872431707407822, 0.5587296582235687, 0.5459707036031234, 0.5321396096975131, 0.5184052102950512, 0.5004028824684037, 0.4981558181396941, 0.4952006422587054, 0.49504664327728537, 0.49434311847973894, 0.4919483712170377, 0.48434133022898607, 0.48245985702501365, 0.4816522306175741, 0.48143004529764605, 0.4800824198379418, 0.4787689387370584, 0.4787689387370584, 0.4787689387370584, 0.4787689387370584, 0.4787689387370584, 0.4787689387370584, 0.4787689387370584, 0.4787689387370584, 0.4787689387370584, 0.4787689387370584, 0.4787689387370584, 0.4787689387370584, 0.4787689387370584, 0.4787689387370584, 0.4787689387370584, 0.4787689387370584, 0.4787689387370584, 0.4787689387370584, 0.4787689387370584, 0.4787689387370584, 0.4787689387370584, 0.4787689387370584]
std = [0.0, 0.0, 0.0, 0.0, 0.0, 0.0, 0.0, 0.0, 0.0, 0.0, 0.0, 0.0, 0.0, 0.0, 0.0, 0.0, 0.0, 0.0, 0.0, 0.0, 0.0, 0.0, 0.0, 0.0, 0.0, 0.0, 0.0, 0.0, 0.0, 0.0, 0.0, 0.0, 0.0, 0.0, 0.0, 0.0, 0.0, 0.0, 0.0, 0.0, 0.0, 0.0, 0.0, 0.0, 0.0, 0.0, 0.0, 0.0, 0.0, 0.0]
