local cost:
avg = [0.057034722222222285, 0.028895833333333426, 0.019826388888888987, 0.024097222222222305, 0.020027777777777866, 0.017770833333333427, 0.018166666666666755, 0.018201388888888982, 0.01293750000000004, 0.022736111111111193, 0.018368055555555592, 0.018201388888888927, 0.023298611111111204, 0.014062500000000039, 0.01406250000000004, 0.013763888888888924, 0.013763888888888924, 0.013465277777777814, 0.013465277777777814, 0.013631944444444481, 0.01829861111111115, 0.01829861111111115, 0.013465277777777817, 0.01329861111111115, 0.013000000000000036, 0.013000000000000036, 0.013000000000000036, 0.012868055555555591, 0.013000000000000036, 0.013000000000000036, 0.013000000000000036, 0.013000000000000036, 0.013000000000000036, 0.013000000000000036, 0.013000000000000036, 0.013000000000000036, 0.013000000000000036, 0.013000000000000036, 0.013000000000000036, 0.013000000000000036, 0.013000000000000036, 0.013000000000000036, 0.013000000000000036, 0.013000000000000036, 0.013000000000000036, 0.013000000000000036, 0.013000000000000036, 0.013000000000000036, 0.013000000000000036, 0.013000000000000036]
std = [0.0, 0.0, 0.0, 0.0, 0.0, 0.0, 0.0, 0.0, 0.0, 0.0, 0.0, 0.0, 0.0, 0.0, 0.0, 0.0, 0.0, 0.0, 0.0, 0.0, 0.0, 0.0, 0.0, 0.0, 0.0, 0.0, 0.0, 0.0, 0.0, 0.0, 0.0, 0.0, 0.0, 0.0, 0.0, 0.0, 0.0, 0.0, 0.0, 0.0, 0.0, 0.0, 0.0, 0.0, 0.0, 0.0, 0.0, 0.0, 0.0, 0.0]
