global cost:
avg = [9.059363098570214, 5.5016016259124, 3.1556840937784787, 2.2793541852437817, 1.9476636378282166, 1.7109688087966257, 1.5530455071082654, 1.406755364812063, 1.312076326978816, 1.2393455036869025, 1.1839092316553046, 1.1212988771471395, 1.0647064532937005, 1.015138930481979, 0.9522582149679312, 0.9303540157229659, 0.8731928830829384, 0.8370245760810141, 0.7992211651730131, 0.7992211651730131, 0.7992211651730131, 0.7992211651730131, 0.7992211651730131, 0.7729924692119885, 0.7729924692119883, 0.7595385446160161, 0.7595385446160161, 0.7595385446160161, 0.7595385446160161, 0.7595385446160161, 0.759538544616016, 0.759538544616016, 0.759538544616016, 0.759538544616016, 0.759538544616016, 0.7458419698946853, 0.7458419698946853, 0.7458419698946853, 0.7458419698946853, 0.7458419698946853, 0.7458419698946853, 0.7458419698946853, 0.7458419698946853, 0.7458419698946853, 0.7458419698946853, 0.7458419698946853, 0.7458419698946853, 0.7458419698946853, 0.7458419698946853, 0.7458419698946853]
std = [0.0, 0.0, 0.0, 0.0, 0.0, 0.0, 0.0, 0.0, 0.0, 0.0, 0.0, 0.0, 0.0, 0.0, 0.0, 0.0, 0.0, 0.0, 0.0, 0.0, 0.0, 0.0, 0.0, 0.0, 0.0, 0.0, 0.0, 0.0, 0.0, 0.0, 0.0, 0.0, 0.0, 0.0, 0.0, 0.0, 0.0, 0.0, 0.0, 0.0, 0.0, 0.0, 0.0, 0.0, 0.0, 0.0, 0.0, 0.0, 0.0, 0.0]
