local cost:
avg = [0.006029953349999947, 0.0054400928199999634, 0.005186636869999978, 0.004947005319999983, 0.005004608969999981, 0.0050529960099999814, 0.005034563529999981, 0.0050622134499999786, 0.004995393139999979, 0.00492165997999998, 0.00490092271999998, 0.005046083639999977, 0.005048387779999977, 0.0050622126299999775, 0.005085254139999974, 0.005062212699999972, 0.005119816319999973, 0.0051244246099999705, 0.005126728749999971, 0.005126728749999971, 0.0050783416999999696, 0.0050783416999999696, 0.0050921665499999704, 0.0050921665499999704, 0.00508755824999997, 0.004880185389999978, 0.004880185389999978, 0.004880185389999978, 0.004880185389999978, 0.004880185389999978, 0.004882489539999976, 0.004882489539999976, 0.004882489539999976, 0.004882489539999976, 0.004838710719999978, 0.004831798279999978, 0.004831798279999978, 0.004831798279999978, 0.004831798279999978, 0.004831798279999978, 0.004831798279999978, 0.004831798279999978, 0.004831798279999978, 0.004831798279999978, 0.004831798279999978, 0.004831798279999978, 0.004831798279999978, 0.004831798279999978, 0.004834102419999977, 0.004834102419999977]
std = [0.0, 0.0, 0.0, 0.0, 0.0, 0.0, 0.0, 0.0, 0.0, 0.0, 0.0, 0.0, 0.0, 0.0, 0.0, 0.0, 0.0, 0.0, 0.0, 0.0, 0.0, 0.0, 0.0, 0.0, 0.0, 0.0, 0.0, 0.0, 0.0, 0.0, 0.0, 0.0, 0.0, 0.0, 0.0, 0.0, 0.0, 0.0, 0.0, 0.0, 0.0, 0.0, 0.0, 0.0, 0.0, 0.0, 0.0, 0.0, 0.0, 0.0]
