global cost:
avg = [9.059363098570214, 5.581596401423727, 3.2426907238671916, 2.319703108610588, 1.9687223961042264, 1.7818072132212606, 1.649614711884152, 1.471233382824356, 1.3544854224096703, 1.2640541711540827, 1.1883879574039602, 1.1260266606060179, 1.0840930458031557, 1.015346165133619, 0.994832006747614, 0.9524791309238019, 0.9249675163890466, 0.89090360661063, 0.8554844043983124, 0.8433475022004301, 0.8310333644124485, 0.8310333644124485, 0.8310333644124485, 0.8310333644124485, 0.818533992003779, 0.818533992003779, 0.8185339920037789, 0.8185339920037789, 0.8185339920037789, 0.8185339920037789, 0.8185339920037789, 0.8185339920037789, 0.8185339920037789, 0.8058407655142619, 0.792944375516707, 0.792944375516707, 0.792944375516707, 0.792944375516707, 0.792944375516707, 0.792944375516707, 0.792944375516707, 0.792944375516707, 0.792944375516707, 0.792944375516707, 0.792944375516707, 0.792944375516707, 0.792944375516707, 0.792944375516707, 0.792944375516707, 0.792944375516707]
std = [0.0, 0.0, 0.0, 0.0, 0.0, 0.0, 0.0, 0.0, 0.0, 0.0, 0.0, 0.0, 0.0, 0.0, 0.0, 0.0, 0.0, 0.0, 0.0, 0.0, 0.0, 0.0, 0.0, 0.0, 0.0, 0.0, 0.0, 0.0, 0.0, 0.0, 0.0, 0.0, 0.0, 0.0, 0.0, 0.0, 0.0, 0.0, 0.0, 0.0, 0.0, 0.0, 0.0, 0.0, 0.0, 0.0, 0.0, 0.0, 0.0, 0.0]
