local cost:
avg = [0.006029953349999947, 0.005391705689999972, 0.005147466299999979, 0.004778802459999991, 0.004790323169999986, 0.004785714869999987, 0.0046935489499999915, 0.004682028239999993, 0.004864055849999994, 0.004889401509999992, 0.004820277129999991, 0.004827189539999991, 0.004827189539999991, 0.004822581239999991, 0.004822581239999991, 0.0048202770999999905, 0.00468433268999999, 0.004675116179999989, 0.00463133735999999, 0.00463133735999999, 0.004626729049999991, 0.00461981660999999, 0.004626729049999991, 0.00461981660999999, 0.00464055400999999, 0.004652074699999991, 0.004652074699999991, 0.004652074699999991, 0.004652074699999991, 0.004652074699999991, 0.004652074699999991, 0.0046221207499999905, 0.0046221207499999905, 0.004612904179999991, 0.004610600039999991, 0.004610600039999991, 0.004610600039999991, 0.004610600039999991, 0.004610600039999991, 0.00456912538999999, 0.00456912538999999, 0.00456912538999999, 0.00456912538999999, 0.00456912538999999, 0.00456912538999999, 0.00469585394999999, 0.00469585394999999, 0.00469585394999999, 0.00469585394999999, 0.00456912538999999]
std = [0.0, 0.0, 0.0, 0.0, 0.0, 0.0, 0.0, 0.0, 0.0, 0.0, 0.0, 0.0, 0.0, 0.0, 0.0, 0.0, 0.0, 0.0, 0.0, 0.0, 0.0, 0.0, 0.0, 0.0, 0.0, 0.0, 0.0, 0.0, 0.0, 0.0, 0.0, 0.0, 0.0, 0.0, 0.0, 0.0, 0.0, 0.0, 0.0, 0.0, 0.0, 0.0, 0.0, 0.0, 0.0, 0.0, 0.0, 0.0, 0.0, 0.0]
