global cost:
avg = [9.059363098570214, 5.581596401423727, 3.2426907238671916, 2.398365387658057, 1.989558267487155, 1.7701976815274765, 1.6244243506117826, 1.4818134470782522, 1.3659700526458982, 1.264054171154083, 1.2056131430541135, 1.1168336866760913, 1.030412768450212, 0.9685242037135908, 0.9137539875009523, 0.9024011264248617, 0.8674515103853161, 0.8433475022004301, 0.8310333644124485, 0.8185339920037791, 0.7929443755167072, 0.7665009258060416, 0.7665009258060416, 0.7529310144764179, 0.7391120049488149, 0.7391120049488149, 0.7106683069177879, 0.7106683069177878, 0.6960106937083396, 0.6960106937083396, 0.6960106937083396, 0.6960106937083396, 0.6960106937083396, 0.6960106937083396, 0.6960106937083396, 0.6810376854883533, 0.6810376854883532, 0.6810376854883532, 0.6810376854883532, 0.6810376854883532, 0.6810376854883532, 0.6810376854883532, 0.6810376854883532, 0.6810376854883532, 0.6810376854883532, 0.6810376854883532, 0.6810376854883532, 0.6810376854883532, 0.6810376854883532, 0.6810376854883532]
std = [0.0, 0.0, 0.0, 0.0, 0.0, 0.0, 0.0, 0.0, 0.0, 0.0, 0.0, 0.0, 0.0, 0.0, 0.0, 0.0, 0.0, 0.0, 0.0, 0.0, 0.0, 0.0, 0.0, 0.0, 0.0, 0.0, 0.0, 0.0, 0.0, 0.0, 0.0, 0.0, 0.0, 0.0, 0.0, 0.0, 0.0, 0.0, 0.0, 0.0, 0.0, 0.0, 0.0, 0.0, 0.0, 0.0, 0.0, 0.0, 0.0, 0.0]
