local cost:
avg = [0.006029953349999947, 0.005391705689999972, 0.005147466299999979, 0.004778802459999991, 0.004783410739999988, 0.004774194149999988, 0.004737327799999989, 0.004728111149999989, 0.0047304153099999935, 0.004723502879999994, 0.004755760999999992, 0.004751152719999994, 0.004728111239999996, 0.004714286359999996, 0.0048294933399999915, 0.00471428597999999, 0.004686636219999989, 0.0046658988699999895, 0.0046658988699999895, 0.0046658988699999895, 0.004642857389999991, 0.00464285737999999, 0.00464746566999999, 0.0046359449799999895, 0.0046359449799999895, 0.004633640839999989, 0.004622120149999991, 0.004619815999999991, 0.004619815999999991, 0.004617511849999991, 0.004612903559999991, 0.004612903559999991, 0.004612903559999991, 0.004612903559999991, 0.004612903559999991, 0.00461751184999999, 0.0046221201399999886, 0.0046221201399999886, 0.0046221201399999886, 0.0046221201399999886, 0.0046221201399999886, 0.004629032549999988, 0.004633640839999988, 0.004633640839999988, 0.004633640839999988, 0.004633640839999988, 0.004633640839999988, 0.004633640839999988, 0.004633640839999988, 0.004633640839999988]
std = [0.0, 0.0, 0.0, 0.0, 0.0, 0.0, 0.0, 0.0, 0.0, 0.0, 0.0, 0.0, 0.0, 0.0, 0.0, 0.0, 0.0, 0.0, 0.0, 0.0, 0.0, 0.0, 0.0, 0.0, 0.0, 0.0, 0.0, 0.0, 0.0, 0.0, 0.0, 0.0, 0.0, 0.0, 0.0, 0.0, 0.0, 0.0, 0.0, 0.0, 0.0, 0.0, 0.0, 0.0, 0.0, 0.0, 0.0, 0.0, 0.0, 0.0]
