global cost:
avg = [9.059363098570214, 5.581596401423727, 3.2426907238671916, 2.3549885277227722, 2.0583994280372298, 1.8048022528497236, 1.6682578840718025, 1.5126926346561564, 1.3544854224096703, 1.2598444662369763, 1.209750692870951, 1.1574909929220012, 1.1027574794529278, 1.0451615752041352, 1.015138930481979, 0.9630235016212957, 0.9192061998653066, 0.8731928830829385, 0.8613055522668267, 0.8370245760810141, 0.8246160223173997, 0.7992211651730131, 0.7729924692119883, 0.7729924692119883, 0.7595385446160162, 0.7595385446160161, 0.7595385446160161, 0.7458419698946855, 0.739112004948815, 0.7321765321469981, 0.7250296539855637, 0.7250296539855637, 0.7250296539855637, 0.7250296539855637, 0.7250296539855637, 0.7250296539855636, 0.7250296539855635, 0.7250296539855635, 0.7250296539855635, 0.7250296539855635, 0.7250296539855635, 0.7250296539855635, 0.7250296539855635, 0.7250296539855635, 0.7250296539855635, 0.7250296539855635, 0.7250296539855635, 0.7250296539855635, 0.7250296539855635, 0.7250296539855635]
std = [0.0, 0.0, 0.0, 0.0, 0.0, 0.0, 0.0, 0.0, 0.0, 0.0, 0.0, 0.0, 0.0, 0.0, 0.0, 0.0, 0.0, 0.0, 0.0, 0.0, 0.0, 0.0, 0.0, 0.0, 0.0, 0.0, 0.0, 0.0, 0.0, 0.0, 0.0, 0.0, 0.0, 0.0, 0.0, 0.0, 0.0, 0.0, 0.0, 0.0, 0.0, 0.0, 0.0, 0.0, 0.0, 0.0, 0.0, 0.0, 0.0, 0.0]
