local cost:
avg = [0.006029953349999947, 0.005387097399999972, 0.005216590699999979, 0.004850231009999987, 0.004811060439999988, 0.004813364569999991, 0.004790323069999993, 0.004785714799999993, 0.004813364559999992, 0.004723502799999996, 0.004755760909999997, 0.004658986719999997, 0.004612903779999998, 0.0046221203599999955, 0.004497696669999996, 0.004488480059999996, 0.004470046839999997, 0.004433180480000001, 0.004444701170000001, 0.004354839410000006, 0.004354839410000006, 0.004474655560000007, 0.004470047260000009, 0.004474655560000007, 0.0044838721100000055, 0.004483872170000006, 0.004483872170000006, 0.004472351420000009, 0.004495392870000009, 0.004500001150000008, 0.004382489200000009, 0.004382489200000009, 0.0045092177600000085, 0.0045092177600000085, 0.0045092177600000085, 0.004506913610000005, 0.004511521900000005, 0.004523042650000006, 0.004523042650000006, 0.004523042650000006, 0.004523042650000006, 0.004511521900000005, 0.004523042650000006, 0.004523042650000006, 0.004520738510000006, 0.004509217760000005, 0.004509217760000005, 0.004509217760000005, 0.004509217760000005, 0.004520738510000006]
std = [0.0, 0.0, 0.0, 0.0, 0.0, 0.0, 0.0, 0.0, 0.0, 0.0, 0.0, 0.0, 0.0, 0.0, 0.0, 0.0, 0.0, 0.0, 0.0, 0.0, 0.0, 0.0, 0.0, 0.0, 0.0, 0.0, 0.0, 0.0, 0.0, 0.0, 0.0, 0.0, 0.0, 0.0, 0.0, 0.0, 0.0, 0.0, 0.0, 0.0, 0.0, 0.0, 0.0, 0.0, 0.0, 0.0, 0.0, 0.0, 0.0, 0.0]
