global cost:
avg = [9.059363098570214, 5.588979568328232, 3.2363260060216845, 2.297374529455846, 1.955667934830291, 1.73202043962597, 1.5564624041888302, 1.4250693450964709, 1.3507912760020977, 1.2962666293691891, 1.2393455036869025, 1.2056131430541135, 1.1531659509795773, 1.116833686676091, 1.0600028978678895, 1.0203587196100201, 0.9895838754653932, 0.9685242037135907, 0.9249675163890465, 0.907921517076111, 0.8613055522668266, 0.837024576081014, 0.8185339920037791, 0.8058407655142619, 0.792944375516707, 0.7798347427260147, 0.7798347427260147, 0.7798347427260147, 0.7798347427260147, 0.7798347427260147, 0.7798347427260147, 0.7798347427260147, 0.7798347427260147, 0.7798347427260147, 0.7798347427260147, 0.7798347427260147, 0.7798347427260147, 0.7798347427260147, 0.7798347427260147, 0.7798347427260147, 0.7798347427260147, 0.7798347427260147, 0.7798347427260147, 0.7798347427260147, 0.7798347427260147, 0.7798347427260147, 0.7798347427260147, 0.7798347427260147, 0.7798347427260147, 0.7798347427260147]
std = [0.0, 0.0, 0.0, 0.0, 0.0, 0.0, 0.0, 0.0, 0.0, 0.0, 0.0, 0.0, 0.0, 0.0, 0.0, 0.0, 0.0, 0.0, 0.0, 0.0, 0.0, 0.0, 0.0, 0.0, 0.0, 0.0, 0.0, 0.0, 0.0, 0.0, 0.0, 0.0, 0.0, 0.0, 0.0, 0.0, 0.0, 0.0, 0.0, 0.0, 0.0, 0.0, 0.0, 0.0, 0.0, 0.0, 0.0, 0.0, 0.0, 0.0]
