local cost:
avg = [0.006029953349999947, 0.005476959149999965, 0.00523041561999998, 0.004859447629999988, 0.004827189499999988, 0.004912442999999978, 0.004841014469999986, 0.004852535269999985, 0.004852535239999983, 0.004831797939999985, 0.0048433186699999835, 0.004960830179999984, 0.004949309439999986, 0.004834102039999986, 0.00476497759999999, 0.00476958588999999, 0.0047603693399999895, 0.0047626734799999905, 0.004776498389999989, 0.004824885479999986, 0.0048156688999999855, 0.004778802489999985, 0.004776498349999984, 0.004769585919999987, 0.004769585919999987, 0.004769585919999987, 0.004769585919999987, 0.004769585919999987, 0.004769585919999987, 0.004769585919999987, 0.004769585919999987, 0.004769585919999987, 0.004769585919999987, 0.004769585919999987, 0.004769585919999987, 0.004769585919999987, 0.004769585919999987, 0.004769585919999987, 0.004769585919999987, 0.004769585919999987, 0.004769585919999987, 0.004769585919999987, 0.004769585919999987, 0.004769585919999987, 0.004769585919999987, 0.004769585919999987, 0.004769585919999987, 0.004769585919999987, 0.004769585919999987, 0.004769585919999987]
std = [0.0, 0.0, 0.0, 0.0, 0.0, 0.0, 0.0, 0.0, 0.0, 0.0, 0.0, 0.0, 0.0, 0.0, 0.0, 0.0, 0.0, 0.0, 0.0, 0.0, 0.0, 0.0, 0.0, 0.0, 0.0, 0.0, 0.0, 0.0, 0.0, 0.0, 0.0, 0.0, 0.0, 0.0, 0.0, 0.0, 0.0, 0.0, 0.0, 0.0, 0.0, 0.0, 0.0, 0.0, 0.0, 0.0, 0.0, 0.0, 0.0, 0.0]
