global cost:
avg = [3.533114430281794, 1.7850590765548278, 1.396190186959011, 1.0635312802426644, 0.9438664131811614, 0.8785017372407555, 0.7974598784072747, 0.7513173490905551, 0.714059856505789, 0.656372626116077, 0.6148155228670853, 0.5870193788609486, 0.5684928461797183, 0.5539177629962965, 0.5512095214426997, 0.547329606895775, 0.5386082985557024, 0.5311311436208559, 0.5311311436208559, 0.5311311436208559, 0.5311311436208559, 0.5311311436208559, 0.5311311436208559, 0.5311311436208559, 0.5311311436208559, 0.5311311436208559, 0.5311311436208559, 0.5311311436208559, 0.5311311436208559, 0.5311311436208559, 0.5311311436208559, 0.5311311436208559, 0.5311311436208559, 0.5311311436208559, 0.5311311436208559, 0.5311311436208559, 0.5311311436208559, 0.5311311436208559, 0.5311311436208559, 0.5311311436208559, 0.5311311436208559, 0.5311311436208559, 0.5311311436208559, 0.5311311436208559, 0.5311311436208559, 0.5311311436208559, 0.5311311436208559, 0.5311311436208559, 0.5311311436208559, 0.5311311436208559]
std = [0.0, 0.0, 0.0, 0.0, 0.0, 0.0, 0.0, 0.0, 0.0, 0.0, 0.0, 0.0, 0.0, 0.0, 0.0, 0.0, 0.0, 0.0, 0.0, 0.0, 0.0, 0.0, 0.0, 0.0, 0.0, 0.0, 0.0, 0.0, 0.0, 0.0, 0.0, 0.0, 0.0, 0.0, 0.0, 0.0, 0.0, 0.0, 0.0, 0.0, 0.0, 0.0, 0.0, 0.0, 0.0, 0.0, 0.0, 0.0, 0.0, 0.0]
