local cost:
avg = [0.057034722222222285, 0.024229166666666763, 0.024458333333333408, 0.02343055555555563, 0.019527777777777863, 0.019826388888888973, 0.013666666666666702, 0.013597222222222255, 0.014062500000000039, 0.023562500000000073, 0.02343055555555563, 0.018465277777777858, 0.01829861111111119, 0.013465277777777817, 0.01329861111111115, 0.012868055555555591, 0.013166666666666707, 0.013166666666666701, 0.013166666666666701, 0.013166666666666701, 0.013166666666666701, 0.013166666666666701, 0.013166666666666701, 0.013166666666666701, 0.013166666666666701, 0.013166666666666701, 0.013166666666666701, 0.013166666666666701, 0.013166666666666701, 0.013166666666666701, 0.013166666666666701, 0.013166666666666701, 0.013166666666666701, 0.013166666666666701, 0.013166666666666701, 0.013166666666666701, 0.013166666666666701, 0.013166666666666701, 0.013166666666666701, 0.013166666666666701, 0.013166666666666701, 0.013166666666666701, 0.013166666666666701, 0.013166666666666701, 0.013166666666666701, 0.013166666666666701, 0.013166666666666701, 0.013166666666666701, 0.013166666666666701, 0.013166666666666701]
std = [0.0, 0.0, 0.0, 0.0, 0.0, 0.0, 0.0, 0.0, 0.0, 0.0, 0.0, 0.0, 0.0, 0.0, 0.0, 0.0, 0.0, 0.0, 0.0, 0.0, 0.0, 0.0, 0.0, 0.0, 0.0, 0.0, 0.0, 0.0, 0.0, 0.0, 0.0, 0.0, 0.0, 0.0, 0.0, 0.0, 0.0, 0.0, 0.0, 0.0, 0.0, 0.0, 0.0, 0.0, 0.0, 0.0, 0.0, 0.0, 0.0, 0.0]
