global cost:
avg = [9.059363098570214, 5.5352284931031095, 3.286898678765253, 2.4282681955713628, 2.095550474326051, 1.8387556966866543, 1.6276914140477037, 1.5025401033067387, 1.3659700526458982, 1.312076326978816, 1.214134097785681, 1.153165950979577, 1.1075644121194388, 1.069684392795068, 1.0502321585189114, 1.02035871961002, 0.9685242037135907, 0.9360467205625755, 0.9024011264248618, 0.8792557532201863, 0.8433475022004301, 0.8310333644124485, 0.8122769321068952, 0.7864837576396145, 0.773264601756667, 0.773264601756667, 0.75981549578096, 0.7321765321469981, 0.703452458112659, 0.6886412739037004, 0.6886412739037004, 0.6886412739037004, 0.6886412739037004, 0.6886412739037004, 0.6886412739037004, 0.6886412739037004, 0.6886412739037004, 0.6886412739037004, 0.6886412739037004, 0.6886412739037004, 0.6886412739037004, 0.6886412739037004, 0.6886412739037004, 0.6886412739037004, 0.6886412739037004, 0.6886412739037004, 0.6886412739037004, 0.6886412739037004, 0.6886412739037004, 0.6886412739037004]
std = [0.0, 0.0, 0.0, 0.0, 0.0, 0.0, 0.0, 0.0, 0.0, 0.0, 0.0, 0.0, 0.0, 0.0, 0.0, 0.0, 0.0, 0.0, 0.0, 0.0, 0.0, 0.0, 0.0, 0.0, 0.0, 0.0, 0.0, 0.0, 0.0, 0.0, 0.0, 0.0, 0.0, 0.0, 0.0, 0.0, 0.0, 0.0, 0.0, 0.0, 0.0, 0.0, 0.0, 0.0, 0.0, 0.0, 0.0, 0.0, 0.0, 0.0]
