local cost:
avg = [0.006029953349999947, 0.005440092739999964, 0.0051405538799999765, 0.004976959139999984, 0.004919355389999983, 0.004930876109999983, 0.004884793089999986, 0.005002304649999981, 0.005009217049999981, 0.004937788399999983, 0.004935484269999983, 0.004891705499999987, 0.0048640557199999875, 0.004880184719999987, 0.004857143239999987, 0.004850230829999988, 0.004970046929999988, 0.004746544179999988, 0.004755760739999988, 0.004735023389999988, 0.0047695856199999895, 0.00477419390999999, 0.00479032289999999, 0.00479493114999999, 0.004794931139999991, 0.00478110628999999, 0.0047557606699999925, 0.004748848229999991, 0.004847926529999992, 0.004827189179999991, 0.004827189179999991, 0.004730415029999991, 0.004730415029999991, 0.004730415029999991, 0.004861751879999991, 0.004861751879999991, 0.004873272629999992, 0.004873272629999992, 0.004873272629999992, 0.004873272629999992, 0.004861751879999991, 0.004861751879999991, 0.004861751879999991, 0.004861751879999991, 0.004958526029999992, 0.004958526029999992, 0.004827189179999991, 0.004827189179999991, 0.004827189179999991, 0.004730415029999991]
std = [0.0, 0.0, 0.0, 0.0, 0.0, 0.0, 0.0, 0.0, 0.0, 0.0, 0.0, 0.0, 0.0, 0.0, 0.0, 0.0, 0.0, 0.0, 0.0, 0.0, 0.0, 0.0, 0.0, 0.0, 0.0, 0.0, 0.0, 0.0, 0.0, 0.0, 0.0, 0.0, 0.0, 0.0, 0.0, 0.0, 0.0, 0.0, 0.0, 0.0, 0.0, 0.0, 0.0, 0.0, 0.0, 0.0, 0.0, 0.0, 0.0, 0.0]
