global cost:
avg = [9.059363098570214, 5.623917246235938, 3.2617103597438746, 2.319703108610588, 2.0076908722046043, 1.830412594799234, 1.6652599435435893, 1.4956631323075373, 1.4031988341751827, 1.319910165321584, 1.2393455036869025, 1.0982169049383856, 1.0203587196100201, 0.9685242037135908, 0.9249675163890464, 0.89090360661063, 0.8310333644124486, 0.792944375516707, 0.7665009258060416, 0.7665009258060413, 0.7529310144764179, 0.7461240050607104, 0.7321765321469981, 0.7321765321469981, 0.7321765321469981, 0.7321765321469981, 0.717958158617738, 0.717958158617738, 0.717958158617738, 0.717958158617738, 0.717958158617738, 0.717958158617738, 0.717958158617738, 0.717958158617738, 0.717958158617738, 0.717958158617738, 0.717958158617738, 0.717958158617738, 0.717958158617738, 0.717958158617738, 0.717958158617738, 0.717958158617738, 0.717958158617738, 0.717958158617738, 0.717958158617738, 0.717958158617738, 0.717958158617738, 0.717958158617738, 0.717958158617738, 0.717958158617738]
std = [0.0, 0.0, 0.0, 0.0, 0.0, 0.0, 0.0, 0.0, 0.0, 0.0, 0.0, 0.0, 0.0, 0.0, 0.0, 0.0, 0.0, 0.0, 0.0, 0.0, 0.0, 0.0, 0.0, 0.0, 0.0, 0.0, 0.0, 0.0, 0.0, 0.0, 0.0, 0.0, 0.0, 0.0, 0.0, 0.0, 0.0, 0.0, 0.0, 0.0, 0.0, 0.0, 0.0, 0.0, 0.0, 0.0, 0.0, 0.0, 0.0, 0.0]
