local cost:
avg = [0.006029953349999947, 0.005398618079999972, 0.0051451621599999785, 0.004679724119999995, 0.004622120389999998, 0.004509217190000002, 0.004506912990000005, 0.0044838715100000036, 0.004619816150000005, 0.004520737860000005, 0.004488479900000005, 0.0044861757300000025, 0.004502304750000004, 0.0045483877000000025, 0.004541475250000004, 0.004534562810000004, 0.004529954500000003, 0.0045299545000000024, 0.004527650360000002, 0.0045322586600000025, 0.004518433810000003, 0.004518433810000003, 0.004513825520000003, 0.004513825520000003, 0.004506913110000003, 0.004506913110000003, 0.004504608970000003, 0.004504608970000003, 0.004504608970000003, 0.004504608970000003, 0.004511521380000003, 0.004511521380000003, 0.0044861757300000025, 0.0044861757300000025, 0.0044861757300000025, 0.0044861757300000025, 0.0044861757300000025, 0.0044861757300000025, 0.0044861757300000025, 0.0044861757300000025, 0.004490784020000002, 0.004490784020000002, 0.004490784020000002, 0.004490784020000002, 0.004490784020000002, 0.004490784020000002, 0.004490784020000002, 0.004490784020000002, 0.004490784020000002, 0.004490784020000002]
std = [0.0, 0.0, 0.0, 0.0, 0.0, 0.0, 0.0, 0.0, 0.0, 0.0, 0.0, 0.0, 0.0, 0.0, 0.0, 0.0, 0.0, 0.0, 0.0, 0.0, 0.0, 0.0, 0.0, 0.0, 0.0, 0.0, 0.0, 0.0, 0.0, 0.0, 0.0, 0.0, 0.0, 0.0, 0.0, 0.0, 0.0, 0.0, 0.0, 0.0, 0.0, 0.0, 0.0, 0.0, 0.0, 0.0, 0.0, 0.0, 0.0, 0.0]
