global cost:
avg = [9.059363098570214, 5.540813129944342, 3.2617103597438746, 2.3197031086105877, 2.0356593796693416, 1.6898416808609384, 1.5630719024901902, 1.4748398337585344, 1.3809820049977115, 1.2640541711540827, 1.1709094003810436, 1.0792790449602851, 1.030412768450212, 0.9469963145530097, 0.9137539875009523, 0.8674515103853161, 0.8433475022004302, 0.8185339920037791, 0.7798347427260147, 0.7458419698946857, 0.7318891223097622, 0.7318891223097622, 0.7318891223097622, 0.7318891223097622, 0.7318891223097622, 0.7318891223097622, 0.7318891223097622, 0.7318891223097622, 0.7318891223097622, 0.7318891223097622, 0.7318891223097622, 0.7318891223097622, 0.7318891223097622, 0.7318891223097622, 0.7318891223097622, 0.7318891223097622, 0.7318891223097622, 0.7318891223097622, 0.7318891223097622, 0.7318891223097622, 0.7318891223097622, 0.7318891223097622, 0.7318891223097622, 0.7318891223097622, 0.7318891223097622, 0.7318891223097622, 0.7318891223097622, 0.7318891223097622, 0.7318891223097622, 0.7318891223097622]
std = [0.0, 0.0, 0.0, 0.0, 0.0, 0.0, 0.0, 0.0, 0.0, 0.0, 0.0, 0.0, 0.0, 0.0, 0.0, 0.0, 0.0, 0.0, 0.0, 0.0, 0.0, 0.0, 0.0, 0.0, 0.0, 0.0, 0.0, 0.0, 0.0, 0.0, 0.0, 0.0, 0.0, 0.0, 0.0, 0.0, 0.0, 0.0, 0.0, 0.0, 0.0, 0.0, 0.0, 0.0, 0.0, 0.0, 0.0, 0.0, 0.0, 0.0]
