local cost:
avg = [0.006029953349999947, 0.005442396939999964, 0.0051958533999999805, 0.0048640559499999875, 0.0048594476299999865, 0.004970046759999976, 0.004970046749999977, 0.004937788659999979, 0.004781106529999987, 0.0048778811899999885, 0.004827189979999988, 0.004758065159999989, 0.0047695858599999886, 0.004790323139999986, 0.00485483926999999, 0.004891705599999988, 0.004891705599999988, 0.004882488909999991, 0.004877880589999991, 0.004864055739999992, 0.004864055739999992, 0.004864055739999992, 0.004864055739999992, 0.004864055739999992, 0.0048594474399999915, 0.0048594474399999915, 0.0048594474399999915, 0.0048594474399999915, 0.0048594474399999915, 0.004861751579999991, 0.004861751579999991, 0.004868664019999991, 0.004868664019999991, 0.004868664019999991, 0.004868664019999991, 0.004868664019999991, 0.004868664019999991, 0.00481566866999999, 0.00481566866999999, 0.00483871011999999, 0.00483871011999999, 0.00483871011999999, 0.00483871011999999, 0.00483871011999999, 0.00483871011999999, 0.00483871011999999, 0.00483871011999999, 0.00483871011999999, 0.00483871011999999, 0.00483871011999999]
std = [0.0, 0.0, 0.0, 0.0, 0.0, 0.0, 0.0, 0.0, 0.0, 0.0, 0.0, 0.0, 0.0, 0.0, 0.0, 0.0, 0.0, 0.0, 0.0, 0.0, 0.0, 0.0, 0.0, 0.0, 0.0, 0.0, 0.0, 0.0, 0.0, 0.0, 0.0, 0.0, 0.0, 0.0, 0.0, 0.0, 0.0, 0.0, 0.0, 0.0, 0.0, 0.0, 0.0, 0.0, 0.0, 0.0, 0.0, 0.0, 0.0, 0.0]
