global cost:
avg = [9.059363098570214, 5.616580006169759, 3.290033659580065, 2.3462169235396395, 2.0076908722046043, 1.7673726668386394, 1.6213453619335956, 1.5093857421964922, 1.3809820049977115, 1.2680010393564205, 1.1574909929220014, 1.0933688772725991, 1.0049320830180841, 0.9630235016212955, 0.9630235016212955, 0.9522582149679311, 0.9192061998653065, 0.9192061998653064, 0.9079215170761109, 0.884920543194543, 0.8849205431945428, 0.8849205431945428, 0.8849205431945428, 0.8849205431945428, 0.8849205431945428, 0.8849205431945428, 0.8849205431945428, 0.8849205431945428, 0.8849205431945428, 0.8849205431945428, 0.8849205431945428, 0.8849205431945428, 0.8849205431945428, 0.8849205431945428, 0.8731928830829384, 0.8613055522668266, 0.8492518458411688, 0.8370245760810141, 0.8246160223173999, 0.8120178739175263, 0.8120178739175263, 0.7992211651730132, 0.7862162006467928, 0.7729924692119885, 0.7595385446160163, 0.7595385446160162, 0.7595385446160161, 0.7318891223097624, 0.7318891223097623, 0.7318891223097623]
std = [0.0, 0.0, 0.0, 0.0, 0.0, 0.0, 0.0, 0.0, 0.0, 0.0, 0.0, 0.0, 0.0, 0.0, 0.0, 0.0, 0.0, 0.0, 0.0, 0.0, 0.0, 0.0, 0.0, 0.0, 0.0, 0.0, 0.0, 0.0, 0.0, 0.0, 0.0, 0.0, 0.0, 0.0, 0.0, 0.0, 0.0, 0.0, 0.0, 0.0, 0.0, 0.0, 0.0, 0.0, 0.0, 0.0, 0.0, 0.0, 0.0, 0.0]
