local cost:
avg = [0.006029953349999947, 0.005391705689999972, 0.005140553869999978, 0.004824885829999986, 0.004804148469999988, 0.004758065499999987, 0.004723503259999987, 0.0047027658299999865, 0.004695853409999986, 0.004691245139999989, 0.004695853429999989, 0.004682028549999988, 0.004594470959999993, 0.004629033259999994, 0.004629033259999994, 0.004633641539999994, 0.004640553949999993, 0.004645162239999993, 0.004654378819999994, 0.004656682959999994, 0.004656682959999994, 0.004656682959999994, 0.004656682959999994, 0.004788019809999994, 0.004656682959999994, 0.004656682959999994, 0.0047096783099999946, 0.0047096783099999946, 0.0047096783099999946, 0.0047096783099999946, 0.0047096783099999946, 0.0047096783099999946, 0.0047096783099999946, 0.0047096783099999946, 0.004737328059999993, 0.004739632199999993, 0.0047764984999999925, 0.004744240509999993, 0.004744240509999993, 0.004748848799999993, 0.004744240509999993, 0.004746544659999993, 0.004746544659999993, 0.004746544659999993, 0.004746544659999993, 0.004771890259999991, 0.0047603695199999905, 0.004771890269999991, 0.004903227119999991, 0.004891706369999991]
std = [0.0, 0.0, 0.0, 0.0, 0.0, 0.0, 0.0, 0.0, 0.0, 0.0, 0.0, 0.0, 0.0, 0.0, 0.0, 0.0, 0.0, 0.0, 0.0, 0.0, 0.0, 0.0, 0.0, 0.0, 0.0, 0.0, 0.0, 0.0, 0.0, 0.0, 0.0, 0.0, 0.0, 0.0, 0.0, 0.0, 0.0, 0.0, 0.0, 0.0, 0.0, 0.0, 0.0, 0.0, 0.0, 0.0, 0.0, 0.0, 0.0, 0.0]
