global cost:
avg = [9.059363098570214, 5.574203455345183, 3.264869526881824, 2.3767759148079204, 2.1004643170378237, 1.8583603124003751, 1.7140709241974341, 1.6021563945384636, 1.4956631323075373, 1.4105266835234358, 1.3507912760020977, 1.2558719643781386, 1.1753481607460285, 1.1214864951317456, 1.0649040419477716, 1.0051414220648334, 0.9415932976313764, 0.8851582653058012, 0.8494995494619656, 0.8372758970823485, 0.8248711239545367, 0.8122769321068952, 0.8122769321068952, 0.8122769321068952, 0.8122769321068952, 0.8122769321068952, 0.8122769321068952, 0.8122769321068952, 0.8122769321068952, 0.8122769321068952, 0.8122769321068952, 0.8122769321068952, 0.8122769321068952, 0.7994843699109813, 0.7864837576396145, 0.7864837576396145, 0.773264601756667, 0.773264601756667, 0.773264601756667, 0.773264601756667, 0.773264601756667, 0.773264601756667, 0.773264601756667, 0.773264601756667, 0.773264601756667, 0.773264601756667, 0.773264601756667, 0.773264601756667, 0.773264601756667, 0.773264601756667]
std = [0.0, 0.0, 0.0, 0.0, 0.0, 0.0, 0.0, 0.0, 0.0, 0.0, 0.0, 0.0, 0.0, 0.0, 0.0, 0.0, 0.0, 0.0, 0.0, 0.0, 0.0, 0.0, 0.0, 0.0, 0.0, 0.0, 0.0, 0.0, 0.0, 0.0, 0.0, 0.0, 0.0, 0.0, 0.0, 0.0, 0.0, 0.0, 0.0, 0.0, 0.0, 0.0, 0.0, 0.0, 0.0, 0.0, 0.0, 0.0, 0.0, 0.0]
