local cost:
avg = [0.006029953349999947, 0.005391705689999972, 0.005170507789999978, 0.004822581339999985, 0.004857143509999987, 0.004815668809999988, 0.00480414807999999, 0.0049631339099999805, 0.00502534581999998, 0.004953917229999982, 0.0049470048099999825, 0.004898617619999984, 0.004875576099999984, 0.004935484029999981, 0.005000000049999979, 0.00499539175999998, 0.004912442479999981, 0.004928571489999983, 0.004923963199999982, 0.004921659049999982, 0.004921659049999982, 0.004921659049999982, 0.0048732719999999815, 0.004942396349999983, 0.004942396349999983, 0.004942396349999983, 0.004942396349999983, 0.004942396349999983, 0.004942396349999983, 0.004942396349999983, 0.004930875599999982, 0.004894009299999983, 0.004894009299999983, 0.004882488549999982, 0.0048894009899999825, 0.004884792699999982, 0.004887096839999983, 0.004887096839999983, 0.004887096839999983, 0.004887096839999983, 0.004887096839999983, 0.004887096839999983, 0.004887096839999983, 0.004884792699999983, 0.004884792699999983, 0.004884792699999983, 0.004884792699999983, 0.004884792699999983, 0.004884792699999983, 0.004884792699999983]
std = [0.0, 0.0, 0.0, 0.0, 0.0, 0.0, 0.0, 0.0, 0.0, 0.0, 0.0, 0.0, 0.0, 0.0, 0.0, 0.0, 0.0, 0.0, 0.0, 0.0, 0.0, 0.0, 0.0, 0.0, 0.0, 0.0, 0.0, 0.0, 0.0, 0.0, 0.0, 0.0, 0.0, 0.0, 0.0, 0.0, 0.0, 0.0, 0.0, 0.0, 0.0, 0.0, 0.0, 0.0, 0.0, 0.0, 0.0, 0.0, 0.0, 0.0]
