global cost:
avg = [3.533114430281794, 1.7329631148207203, 1.4460716102486335, 1.2062015415659038, 1.0666580244560109, 0.9571140007002499, 0.8638141863050676, 0.766766770856068, 0.7111001115396094, 0.6720790956430572, 0.640791335119472, 0.6019926403515339, 0.5733494009128882, 0.547800757489956, 0.530352960084805, 0.5077178525240585, 0.48782467836893584, 0.4831211996603266, 0.4811742189303395, 0.4811742189303395, 0.4811742189303395, 0.4811742189303395, 0.4811742189303395, 0.4811742189303395, 0.4811742189303395, 0.4811742189303395, 0.4811742189303395, 0.4811742189303395, 0.4811742189303395, 0.4811742189303395, 0.4811742189303395, 0.4811742189303395, 0.4811742189303395, 0.4811742189303395, 0.4811742189303395, 0.4811742189303395, 0.4811742189303395, 0.4811742189303395, 0.4811742189303395, 0.4811742189303395, 0.4811742189303395, 0.4811742189303395, 0.4811742189303395, 0.4811742189303395, 0.4811742189303395, 0.4811742189303395, 0.4811742189303395, 0.4811742189303395, 0.4811742189303395, 0.4811742189303395]
std = [0.0, 0.0, 0.0, 0.0, 0.0, 0.0, 0.0, 0.0, 0.0, 0.0, 0.0, 0.0, 0.0, 0.0, 0.0, 0.0, 0.0, 0.0, 0.0, 0.0, 0.0, 0.0, 0.0, 0.0, 0.0, 0.0, 0.0, 0.0, 0.0, 0.0, 0.0, 0.0, 0.0, 0.0, 0.0, 0.0, 0.0, 0.0, 0.0, 0.0, 0.0, 0.0, 0.0, 0.0, 0.0, 0.0, 0.0, 0.0, 0.0, 0.0]
