local cost:
avg = [0.057034722222222285, 0.01926388888888897, 0.019826388888888966, 0.01896527777777786, 0.023201388888888966, 0.019395833333333418, 0.019562500000000083, 0.01426388888888893, 0.014562500000000039, 0.01379861111111115, 0.014263888888888927, 0.013333333333333374, 0.013631944444444486, 0.013166666666666708, 0.013000000000000041, 0.01283333333333337, 0.012569444444444472, 0.012868055555555591, 0.013034722222222263, 0.013034722222222263, 0.013034722222222263, 0.013034722222222263, 0.013034722222222263, 0.013034722222222263, 0.013034722222222263, 0.013034722222222263, 0.013034722222222263, 0.013034722222222263, 0.013034722222222263, 0.013034722222222263, 0.013034722222222263, 0.013034722222222263, 0.013034722222222263, 0.013034722222222263, 0.013034722222222263, 0.013034722222222263, 0.013034722222222263, 0.013034722222222263, 0.013034722222222263, 0.013034722222222263, 0.013034722222222263, 0.013034722222222263, 0.013034722222222263, 0.013034722222222263, 0.013034722222222263, 0.013034722222222263, 0.013034722222222263, 0.013034722222222263, 0.013034722222222263, 0.013034722222222263]
std = [0.0, 0.0, 0.0, 0.0, 0.0, 0.0, 0.0, 0.0, 0.0, 0.0, 0.0, 0.0, 0.0, 0.0, 0.0, 0.0, 0.0, 0.0, 0.0, 0.0, 0.0, 0.0, 0.0, 0.0, 0.0, 0.0, 0.0, 0.0, 0.0, 0.0, 0.0, 0.0, 0.0, 0.0, 0.0, 0.0, 0.0, 0.0, 0.0, 0.0, 0.0, 0.0, 0.0, 0.0, 0.0, 0.0, 0.0, 0.0, 0.0, 0.0]
