global cost:
avg = [9.059363098570214, 5.5352284931031095, 3.296294676537863, 2.4367444558314806, 2.1297092964429103, 1.9102522737091627, 1.716983640392644, 1.5630719024901907, 1.4607927374678586, 1.3041954344028315, 1.2476360984718153, 1.1620715413431584, 1.0887891501991631, 1.0304127684502122, 0.9791106627343388, 0.9360467205625754, 0.9024011264248616, 0.89090360661063, 0.8554844043983124, 0.8310333644124485, 0.818533992003779, 0.8185339920037789, 0.8058407655142619, 0.7929443755167072, 0.7798347427260148, 0.7665009258060416, 0.752931014476418, 0.7529310144764179, 0.7391120049488149, 0.7391120049488149, 0.7391120049488149, 0.7391120049488149, 0.7391120049488149, 0.7391120049488149, 0.7391120049488149, 0.7391120049488149, 0.7391120049488149, 0.7391120049488149, 0.7391120049488149, 0.7391120049488149, 0.7391120049488149, 0.7391120049488149, 0.7391120049488149, 0.7391120049488149, 0.7391120049488149, 0.7250296539855636, 0.7106683069177878, 0.6960106937083397, 0.6960106937083397, 0.6960106937083397]
std = [0.0, 0.0, 0.0, 0.0, 0.0, 0.0, 0.0, 0.0, 0.0, 0.0, 0.0, 0.0, 0.0, 0.0, 0.0, 0.0, 0.0, 0.0, 0.0, 0.0, 0.0, 0.0, 0.0, 0.0, 0.0, 0.0, 0.0, 0.0, 0.0, 0.0, 0.0, 0.0, 0.0, 0.0, 0.0, 0.0, 0.0, 0.0, 0.0, 0.0, 0.0, 0.0, 0.0, 0.0, 0.0, 0.0, 0.0, 0.0, 0.0, 0.0]
