local cost:
avg = [0.006029953349999947, 0.005509217289999962, 0.005154378759999978, 0.004723502909999991, 0.004645161869999993, 0.004610599589999993, 0.004608295459999995, 0.004580645659999999, 0.004601382969999998, 0.004601382969999999, 0.004587558139999997, 0.004412443209999999, 0.004430876310000004, 0.004504608930000007, 0.004465438420000008, 0.0044677425700000075, 0.004476959140000006, 0.00444930940000001, 0.004394009830000015, 0.0044585260300000085, 0.0044585260300000085, 0.004458526030000008, 0.004476959220000009, 0.004476959220000009, 0.004476959190000008, 0.004479263370000008, 0.004433180450000007, 0.004465438540000007, 0.004437788730000007, 0.004437788730000007, 0.004437788730000007, 0.004437788730000007, 0.004437788730000007, 0.004437788730000007, 0.004437788730000007, 0.004437788730000007, 0.004423963880000006, 0.004423963880000006, 0.004423963880000006, 0.004423963880000006, 0.004423963880000006, 0.004423963880000006, 0.004423963880000006, 0.004423963880000006, 0.004423963880000006, 0.004423963880000006, 0.004421659730000007, 0.004421659730000007, 0.004421659730000007, 0.004421659730000007]
std = [0.0, 0.0, 0.0, 0.0, 0.0, 0.0, 0.0, 0.0, 0.0, 0.0, 0.0, 0.0, 0.0, 0.0, 0.0, 0.0, 0.0, 0.0, 0.0, 0.0, 0.0, 0.0, 0.0, 0.0, 0.0, 0.0, 0.0, 0.0, 0.0, 0.0, 0.0, 0.0, 0.0, 0.0, 0.0, 0.0, 0.0, 0.0, 0.0, 0.0, 0.0, 0.0, 0.0, 0.0, 0.0, 0.0, 0.0, 0.0, 0.0, 0.0]
