global cost:
avg = [3.533114430281794, 1.7235471596965621, 1.4163396233320102, 1.1639567383404192, 1.0351824605638706, 0.9284693267873174, 0.8724511915820182, 0.8305282584781515, 0.7635505574672984, 0.6877056796314409, 0.6521367412519541, 0.6268730987885509, 0.598914277709992, 0.589936604166394, 0.5637182916115225, 0.5483565720426516, 0.545141089777287, 0.5351954943120087, 0.5203724284728074, 0.5150432182340288, 0.5074538501148094, 0.5046069439949149, 0.5029461529918419, 0.5000100007958463, 0.4881125079947373, 0.4835874313436495, 0.47802578749058205, 0.47596129789876856, 0.4746823695040749, 0.4746823695040749, 0.4746823695040749, 0.4746823695040749, 0.4746823695040749, 0.4746823695040749, 0.4746823695040749, 0.4746823695040749, 0.4746823695040749, 0.4746823695040749, 0.4746823695040749, 0.4746823695040749, 0.4746823695040749, 0.4746823695040749, 0.4746823695040749, 0.4746823695040749, 0.4746823695040749, 0.4746823695040749, 0.4746823695040749, 0.4746823695040749, 0.4746823695040749, 0.4746823695040749]
std = [0.0, 0.0, 0.0, 0.0, 0.0, 0.0, 0.0, 0.0, 0.0, 0.0, 0.0, 0.0, 0.0, 0.0, 0.0, 0.0, 0.0, 0.0, 0.0, 0.0, 0.0, 0.0, 0.0, 0.0, 0.0, 0.0, 0.0, 0.0, 0.0, 0.0, 0.0, 0.0, 0.0, 0.0, 0.0, 0.0, 0.0, 0.0, 0.0, 0.0, 0.0, 0.0, 0.0, 0.0, 0.0, 0.0, 0.0, 0.0, 0.0, 0.0]
