local cost:
avg = [0.057034722222222285, 0.01943055555555564, 0.013895833333333376, 0.018597222222222255, 0.013500000000000035, 0.018597222222222258, 0.018201388888888927, 0.01806944444444448, 0.017902777777777813, 0.023430555555555642, 0.02343055555555564, 0.018034722222222254, 0.022868055555555645, 0.02313194444444453, 0.022701388888888972, 0.02303472222222231, 0.023166666666666752, 0.022868055555555634, 0.023166666666666752, 0.023166666666666752, 0.018500000000000037, 0.018500000000000037, 0.018500000000000037, 0.018631944444444482, 0.018465277777777817, 0.018465277777777817, 0.018631944444444482, 0.01879861111111115, 0.018930555555555596, 0.018930555555555596, 0.018930555555555596, 0.018930555555555596, 0.018930555555555596, 0.018930555555555596, 0.018930555555555596, 0.018930555555555596, 0.018930555555555596, 0.018930555555555596, 0.018930555555555596, 0.018930555555555596, 0.018930555555555596, 0.018930555555555596, 0.018930555555555596, 0.018930555555555596, 0.018930555555555596, 0.018930555555555596, 0.018930555555555596, 0.018930555555555596, 0.018930555555555596, 0.018930555555555596]
std = [0.0, 0.0, 0.0, 0.0, 0.0, 0.0, 0.0, 0.0, 0.0, 0.0, 0.0, 0.0, 0.0, 0.0, 0.0, 0.0, 0.0, 0.0, 0.0, 0.0, 0.0, 0.0, 0.0, 0.0, 0.0, 0.0, 0.0, 0.0, 0.0, 0.0, 0.0, 0.0, 0.0, 0.0, 0.0, 0.0, 0.0, 0.0, 0.0, 0.0, 0.0, 0.0, 0.0, 0.0, 0.0, 0.0, 0.0, 0.0, 0.0, 0.0]
