global cost:
avg = [9.059363098570214, 5.540813129944342, 3.249042973562583, 2.3462169235396395, 1.9156414867902756, 1.6988752606571451, 1.5498247187834635, 1.4678330894689187, 1.3734965385564204, 1.284158771029122, 1.2097506928709512, 1.1485498865937558, 1.0933688772725991, 1.015138930481979, 0.930354015722966, 0.8964947989078107, 0.8731928830829384, 0.8492518458411689, 0.8120178739175262, 0.7992211651730131, 0.7862162006467927, 0.7862162006467927, 0.7729924692119885, 0.7595385446160162, 0.7458419698946857, 0.7458419698946855, 0.7458419698946855, 0.7318891223097622, 0.7176650546420129, 0.7031533075747367, 0.7031533075747366, 0.7031533075747366, 0.7031533075747366, 0.7031533075747366, 0.7031533075747366, 0.7031533075747365, 0.7031533075747365, 0.7031533075747365, 0.7031533075747365, 0.7031533075747365, 0.7031533075747365, 0.7031533075747365, 0.7031533075747365, 0.7031533075747365, 0.7031533075747365, 0.7031533075747365, 0.6883356864584762, 0.6883356864584762, 0.6883356864584762, 0.6883356864584761]
std = [0.0, 0.0, 0.0, 0.0, 0.0, 0.0, 0.0, 0.0, 0.0, 0.0, 0.0, 0.0, 0.0, 0.0, 0.0, 0.0, 0.0, 0.0, 0.0, 0.0, 0.0, 0.0, 0.0, 0.0, 0.0, 0.0, 0.0, 0.0, 0.0, 0.0, 0.0, 0.0, 0.0, 0.0, 0.0, 0.0, 0.0, 0.0, 0.0, 0.0, 0.0, 0.0, 0.0, 0.0, 0.0, 0.0, 0.0, 0.0, 0.0, 0.0]
