local cost:
avg = [0.006029953349999947, 0.0053940098299999715, 0.005168203639999979, 0.004783410779999991, 0.004688940789999992, 0.004663595119999991, 0.004642857779999992, 0.004658986789999991, 0.004661290949999993, 0.004652074369999994, 0.004642857839999994, 0.004725807149999995, 0.004714286449999996, 0.004707373999999994, 0.004679724209999998, 0.004686636649999998, 0.004684332509999999, 0.004684332509999999, 0.004582950079999998, 0.004582950079999998, 0.004576037639999998, 0.004576037639999998, 0.004576037639999998, 0.004587558329999999, 0.004596774939999999, 0.0045990791499999975, 0.0045990791499999975, 0.004578341859999996, 0.004580645999999997, 0.0045829501399999965, 0.004684332629999993, 0.004677420189999992, 0.004677420189999992, 0.004677420189999992, 0.004677420189999992, 0.004677420189999992, 0.004677420189999992, 0.004677420189999992, 0.004677420189999992, 0.004677420189999992, 0.004677420189999992, 0.004677420189999992, 0.004677420189999992, 0.004677420189999992, 0.004677420189999992, 0.004677420189999992, 0.004771890199999992, 0.004771890199999992, 0.004771890199999992, 0.004785715029999994]
std = [0.0, 0.0, 0.0, 0.0, 0.0, 0.0, 0.0, 0.0, 0.0, 0.0, 0.0, 0.0, 0.0, 0.0, 0.0, 0.0, 0.0, 0.0, 0.0, 0.0, 0.0, 0.0, 0.0, 0.0, 0.0, 0.0, 0.0, 0.0, 0.0, 0.0, 0.0, 0.0, 0.0, 0.0, 0.0, 0.0, 0.0, 0.0, 0.0, 0.0, 0.0, 0.0, 0.0, 0.0, 0.0, 0.0, 0.0, 0.0, 0.0, 0.0]
