global cost:
avg = [9.059363098570214, 5.5733069602692105, 3.2252064521441484, 2.4578072191550366, 2.075778784852571, 1.8161905971823276, 1.6307584209690722, 1.4642093805312704, 1.3696232594850182, 1.2841587710291218, 1.1395386282586029, 1.0647064532937005, 1.015138930481979, 0.9522582149679313, 0.9192061998653065, 0.8849205431945432, 0.8613055522668267, 0.8370245760810141, 0.8120178739175263, 0.7729924692119886, 0.7595385446160161, 0.7318891223097622, 0.7318891223097622, 0.7318891223097622, 0.7318891223097622, 0.7318891223097622, 0.7318891223097622, 0.7318891223097622, 0.7318891223097622, 0.7318891223097622, 0.7318891223097622, 0.717665054642013, 0.703153307574737, 0.7031533075747369, 0.7031533075747369, 0.7031533075747369, 0.6960106937083397, 0.6960106937083397, 0.6960106937083397, 0.6960106937083397, 0.6960106937083397, 0.6960106937083397, 0.6960106937083397, 0.6960106937083397, 0.6960106937083397, 0.6960106937083397, 0.6960106937083397, 0.6960106937083397, 0.6960106937083397, 0.6960106937083397]
std = [0.0, 0.0, 0.0, 0.0, 0.0, 0.0, 0.0, 0.0, 0.0, 0.0, 0.0, 0.0, 0.0, 0.0, 0.0, 0.0, 0.0, 0.0, 0.0, 0.0, 0.0, 0.0, 0.0, 0.0, 0.0, 0.0, 0.0, 0.0, 0.0, 0.0, 0.0, 0.0, 0.0, 0.0, 0.0, 0.0, 0.0, 0.0, 0.0, 0.0, 0.0, 0.0, 0.0, 0.0, 0.0, 0.0, 0.0, 0.0, 0.0, 0.0]
