local cost:
avg = [0.006029953349999947, 0.005391705689999972, 0.005145162159999978, 0.004873272509999985, 0.004988479759999978, 0.004986175599999979, 0.004905530399999981, 0.0050000002299999775, 0.005011521019999977, 0.004988479549999977, 0.004914746859999979, 0.004940092529999978, 0.004951613259999977, 0.004912442769999977, 0.004894009599999977, 0.004896313739999977, 0.0048571431999999805, 0.0048571431999999805, 0.0048571431999999805, 0.004838710069999983, 0.004771889769999986, 0.004771889769999986, 0.004771889769999986, 0.004774193909999987, 0.004774193909999987, 0.004774193909999987, 0.004774193909999987, 0.004774193909999987, 0.004774193909999987, 0.004769585619999987, 0.004769585619999987, 0.004769585619999987, 0.004769585619999987, 0.004758064869999987, 0.004758064869999987, 0.004758064869999987, 0.004758064869999987, 0.004758064869999987, 0.004758064869999987, 0.004755760729999986, 0.004755760729999986, 0.004755760729999986, 0.0047603690199999864, 0.0047603690199999864, 0.0047603690199999864, 0.0047603690199999864, 0.0047603690199999864, 0.0047603690199999864, 0.0047603690199999864, 0.0047603690199999864]
std = [0.0, 0.0, 0.0, 0.0, 0.0, 0.0, 0.0, 0.0, 0.0, 0.0, 0.0, 0.0, 0.0, 0.0, 0.0, 0.0, 0.0, 0.0, 0.0, 0.0, 0.0, 0.0, 0.0, 0.0, 0.0, 0.0, 0.0, 0.0, 0.0, 0.0, 0.0, 0.0, 0.0, 0.0, 0.0, 0.0, 0.0, 0.0, 0.0, 0.0, 0.0, 0.0, 0.0, 0.0, 0.0, 0.0, 0.0, 0.0, 0.0, 0.0]
