global cost:
avg = [9.059363098570214, 5.6037167191783235, 3.197871688614147, 2.4154980355033007, 1.9895582674871553, 1.7701976815274763, 1.5330018516120836, 1.4140647839220628, 1.292161872952478, 1.2182427080031208, 1.1663635605575955, 1.1212988771471397, 1.0549792770401796, 1.0151389304819791, 0.9736697701869833, 0.9522582149679313, 0.9192061998653066, 0.907921517076111, 0.8731928830829384, 0.8370245760810141, 0.8246160223173997, 0.8246160223173997, 0.8120178739175262, 0.8120178739175262, 0.8120178739175262, 0.8120178739175262, 0.8120178739175262, 0.8120178739175262, 0.8120178739175262, 0.8120178739175262, 0.8120178739175262, 0.8120178739175262, 0.8120178739175262, 0.8120178739175262, 0.8120178739175262, 0.8120178739175262, 0.8120178739175262, 0.8120178739175262, 0.8120178739175262, 0.8120178739175262, 0.8120178739175262, 0.8120178739175262, 0.7992211651730132, 0.7862162006467927, 0.7729924692119885, 0.7729924692119885, 0.7729924692119885, 0.7729924692119885, 0.7729924692119885, 0.7729924692119885]
std = [0.0, 0.0, 0.0, 0.0, 0.0, 0.0, 0.0, 0.0, 0.0, 0.0, 0.0, 0.0, 0.0, 0.0, 0.0, 0.0, 0.0, 0.0, 0.0, 0.0, 0.0, 0.0, 0.0, 0.0, 0.0, 0.0, 0.0, 0.0, 0.0, 0.0, 0.0, 0.0, 0.0, 0.0, 0.0, 0.0, 0.0, 0.0, 0.0, 0.0, 0.0, 0.0, 0.0, 0.0, 0.0, 0.0, 0.0, 0.0, 0.0, 0.0]
