local cost:
avg = [0.006029953349999947, 0.005394009839999972, 0.005154378739999978, 0.004873272479999986, 0.004806452149999985, 0.004808756309999987, 0.004847926839999983, 0.004820277169999984, 0.004912442989999985, 0.004960830079999987, 0.0049470051799999845, 0.004944701039999985, 0.004912443049999985, 0.0049423969999999855, 0.004990784049999986, 0.004986175759999985, 0.005103687709999985, 0.005020738449999986, 0.0050253467299999875, 0.005016130149999987, 0.004995392819999988, 0.004986176219999988, 0.004990784509999988, 0.004990784509999988, 0.004990784509999988, 0.004993088649999989, 0.004993088649999989, 0.004866360089999989, 0.004866360089999989, 0.004866360089999989, 0.004866360089999989, 0.00487788080999999, 0.00487327251999999, 0.00487327251999999, 0.00487327251999999, 0.00487788082999999, 0.00487327253999999, 0.00487327253999999, 0.00487327253999999, 0.00487327253999999, 0.00487327253999999, 0.0049354845499999895, 0.0049354845499999895, 0.004935484549999989, 0.004942396989999989, 0.004942396989999989, 0.004942396989999989, 0.004942396989999989, 0.004947005279999989, 0.004947005279999989]
std = [0.0, 0.0, 0.0, 0.0, 0.0, 0.0, 0.0, 0.0, 0.0, 0.0, 0.0, 0.0, 0.0, 0.0, 0.0, 0.0, 0.0, 0.0, 0.0, 0.0, 0.0, 0.0, 0.0, 0.0, 0.0, 0.0, 0.0, 0.0, 0.0, 0.0, 0.0, 0.0, 0.0, 0.0, 0.0, 0.0, 0.0, 0.0, 0.0, 0.0, 0.0, 0.0, 0.0, 0.0, 0.0, 0.0, 0.0, 0.0, 0.0, 0.0]
