global cost:
avg = [9.059363098570214, 5.581596401423727, 3.2426907238671916, 2.359362100739711, 1.984369810046872, 1.7933415900183034, 1.6308874315638677, 1.485323388023736, 1.3847475485430103, 1.2923246855119286, 1.1927616745901648, 1.13972324367144, 1.0745413790346707, 1.0254493608913984, 0.9524791309238019, 0.9305801316615883, 0.8310333644124487, 0.8058407655142621, 0.7798347427260149, 0.7729924692119884, 0.7458419698946855, 0.7458419698946853, 0.7318891223097621, 0.7176650546420128, 0.7176650546420127, 0.6731919938258555, 0.6731919938258554, 0.6731919938258554, 0.6731919938258554, 0.6731919938258554, 0.6731919938258554, 0.6731919938258554, 0.6731919938258554, 0.6731919938258554, 0.6731919938258554, 0.6731919938258554, 0.6731919938258554, 0.6731919938258554, 0.6731919938258554, 0.6731919938258554, 0.6731919938258554, 0.6731919938258554, 0.6731919938258554, 0.6731919938258554, 0.6731919938258554, 0.6731919938258554, 0.6731919938258554, 0.6731919938258554, 0.6731919938258554, 0.6731919938258554]
std = [0.0, 0.0, 0.0, 0.0, 0.0, 0.0, 0.0, 0.0, 0.0, 0.0, 0.0, 0.0, 0.0, 0.0, 0.0, 0.0, 0.0, 0.0, 0.0, 0.0, 0.0, 0.0, 0.0, 0.0, 0.0, 0.0, 0.0, 0.0, 0.0, 0.0, 0.0, 0.0, 0.0, 0.0, 0.0, 0.0, 0.0, 0.0, 0.0, 0.0, 0.0, 0.0, 0.0, 0.0, 0.0, 0.0, 0.0, 0.0, 0.0, 0.0]
