local cost:
avg = [0.006029953349999947, 0.005391705689999972, 0.005152074589999977, 0.00478341074999999, 0.004790323169999985, 0.004714286329999987, 0.004679724109999989, 0.0047327194199999895, 0.004728111169999988, 0.00473271949999999, 0.0047050696799999904, 0.00470046139999999, 0.004684332339999989, 0.004695853079999991, 0.004642857719999995, 0.004645161859999995, 0.004543779709999994, 0.004539171419999994, 0.004541475559999994, 0.004559908659999995, 0.004555300359999996, 0.004702766209999997, 0.004658987469999997, 0.0046635957699999965, 0.004670508209999997, 0.004476959469999998, 0.004467742889999997, 0.004467742889999997, 0.004592167339999997, 0.004592167339999997, 0.004592167339999997, 0.004592167339999997, 0.004592167339999997, 0.004585254899999996, 0.004453918049999996, 0.004463134599999996, 0.004474655349999997, 0.004479263639999997, 0.004479263639999997, 0.004479263639999997, 0.004479263639999997, 0.004467742889999997, 0.004467742889999997, 0.004467742889999997, 0.004467742889999997, 0.004467742889999997, 0.004467742889999997, 0.004467742889999997, 0.004529954849999997, 0.004529954849999997]
std = [0.0, 0.0, 0.0, 0.0, 0.0, 0.0, 0.0, 0.0, 0.0, 0.0, 0.0, 0.0, 0.0, 0.0, 0.0, 0.0, 0.0, 0.0, 0.0, 0.0, 0.0, 0.0, 0.0, 0.0, 0.0, 0.0, 0.0, 0.0, 0.0, 0.0, 0.0, 0.0, 0.0, 0.0, 0.0, 0.0, 0.0, 0.0, 0.0, 0.0, 0.0, 0.0, 0.0, 0.0, 0.0, 0.0, 0.0, 0.0, 0.0, 0.0]
