local cost:
avg = [0.006029953349999947, 0.005391705689999972, 0.005147466299999979, 0.004778802459999991, 0.004785714879999987, 0.004815668899999985, 0.004804148159999986, 0.004875576719999985, 0.004910138899999986, 0.004903226419999986, 0.004822581209999988, 0.0049470056099999845, 0.004960830439999984, 0.005076037819999984, 0.0050783419199999826, 0.005082950209999984, 0.0050806460699999835, 0.005059908759999986, 0.005029954799999985, 0.005016129939999985, 0.004921659889999988, 0.004942397209999987, 0.0049723510699999866, 0.004976959349999988, 0.004976959349999988, 0.0049746552099999885, 0.005011521569999989, 0.005009217419999989, 0.005004609119999989, 0.0050092174099999895, 0.004866360559999989, 0.004859448149999989, 0.00484562324999999, 0.004868664699999989, 0.004868664699999989, 0.004868664699999989, 0.004868664699999989, 0.004868664699999989, 0.004868664699999989, 0.004868664699999989, 0.00487557713999999, 0.00487557713999999, 0.00487557713999999, 0.00487557713999999, 0.00487557713999999, 0.00487557713999999, 0.00485253568999999, 0.00485253568999999, 0.00485253568999999, 0.00485253568999999]
std = [0.0, 0.0, 0.0, 0.0, 0.0, 0.0, 0.0, 0.0, 0.0, 0.0, 0.0, 0.0, 0.0, 0.0, 0.0, 0.0, 0.0, 0.0, 0.0, 0.0, 0.0, 0.0, 0.0, 0.0, 0.0, 0.0, 0.0, 0.0, 0.0, 0.0, 0.0, 0.0, 0.0, 0.0, 0.0, 0.0, 0.0, 0.0, 0.0, 0.0, 0.0, 0.0, 0.0, 0.0, 0.0, 0.0, 0.0, 0.0, 0.0, 0.0]
