global cost:
avg = [9.059363098570214, 5.653170977400782, 3.305663967295368, 2.368085014480892, 2.0305887208725295, 1.872093441125151, 1.6988752606571451, 1.585888751033415, 1.5058620289528364, 1.3771297795136797, 1.2516347400127967, 1.2097506928709512, 1.139538628258603, 1.1120668213692944, 1.0647064532937007, 0.9999474002577025, 0.9469963145530098, 0.9249675163890465, 0.8909036066106301, 0.8433475022004301, 0.818533992003779, 0.7929443755167073, 0.7798347427260147, 0.7529310144764181, 0.7250296539855635, 0.6960106937083397, 0.6810376854883533, 0.6810376854883533, 0.6810376854883533, 0.6810376854883533, 0.6810376854883533, 0.6810376854883533, 0.6731919938258555, 0.6731919938258555, 0.6731919938258554, 0.6731919938258554, 0.6731919938258554, 0.6731919938258554, 0.6731919938258554, 0.6731919938258554, 0.6731919938258554, 0.6731919938258554, 0.6731919938258554, 0.6731919938258553, 0.6576997064391923, 0.6576997064391923, 0.6576997064391923, 0.6576997064391922, 0.6576997064391922, 0.6576997064391922]
std = [0.0, 0.0, 0.0, 0.0, 0.0, 0.0, 0.0, 0.0, 0.0, 0.0, 0.0, 0.0, 0.0, 0.0, 0.0, 0.0, 0.0, 0.0, 0.0, 0.0, 0.0, 0.0, 0.0, 0.0, 0.0, 0.0, 0.0, 0.0, 0.0, 0.0, 0.0, 0.0, 0.0, 0.0, 0.0, 0.0, 0.0, 0.0, 0.0, 0.0, 0.0, 0.0, 0.0, 0.0, 0.0, 0.0, 0.0, 0.0, 0.0, 0.0]
