local cost:
avg = [0.006029953349999947, 0.005398618149999971, 0.0051566828799999775, 0.0048271895599999864, 0.00475345683999999, 0.004774194179999991, 0.004735023699999992, 0.00478571491999999, 0.004725807139999991, 0.0047119822299999895, 0.004663595179999992, 0.004661291029999994, 0.004668203439999995, 0.004656682689999994, 0.004543779769999994, 0.004543779769999993, 0.004546083919999994, 0.004529954879999995, 0.004518434129999994, 0.004465438699999995, 0.004465438699999995, 0.004493088419999995, 0.004506913269999994, 0.0045138257099999945, 0.004509217459999994, 0.004546083759999994, 0.004552996219999993, 0.004573733569999993, 0.004573733569999993, 0.004573733569999993, 0.004573733569999993, 0.004573733569999993, 0.004569125319999993, 0.004569125319999993, 0.004559908769999993, 0.004559908769999993, 0.004559908769999993, 0.004559908769999993, 0.004559908769999993, 0.004569125319999993, 0.004559908769999993, 0.004557604629999992, 0.004557604629999992, 0.004525346569999994, 0.004504609219999994, 0.004504609219999994, 0.004504609219999994, 0.004523042409999992, 0.004552996359999993, 0.004552996359999993]
std = [0.0, 0.0, 0.0, 0.0, 0.0, 0.0, 0.0, 0.0, 0.0, 0.0, 0.0, 0.0, 0.0, 0.0, 0.0, 0.0, 0.0, 0.0, 0.0, 0.0, 0.0, 0.0, 0.0, 0.0, 0.0, 0.0, 0.0, 0.0, 0.0, 0.0, 0.0, 0.0, 0.0, 0.0, 0.0, 0.0, 0.0, 0.0, 0.0, 0.0, 0.0, 0.0, 0.0, 0.0, 0.0, 0.0, 0.0, 0.0, 0.0, 0.0]
