global cost:
avg = [9.059363098570214, 5.551965551151214, 3.2426907238671916, 2.288382095540517, 2.0255053682065878, 1.8443538350323818, 1.6744261478096782, 1.5728337538507569, 1.4357697876859101, 1.3158791646709618, 1.235051581515865, 1.1663635605575953, 1.1304555402988954, 1.0451615752041352, 0.9842008829893438, 0.9522582149679313, 0.9024011264248615, 0.8792557532201863, 0.8310333644124483, 0.7798347427260148, 0.7665009258060415, 0.7529310144764179, 0.7391120049488147, 0.7250296539855634, 0.7250296539855633, 0.7250296539855633, 0.7250296539855633, 0.7250296539855633, 0.7250296539855633, 0.7250296539855633, 0.7250296539855633, 0.7250296539855633, 0.7250296539855633, 0.7250296539855633, 0.7250296539855633, 0.7250296539855633, 0.7250296539855633, 0.7250296539855633, 0.7250296539855633, 0.7250296539855633, 0.7250296539855633, 0.7250296539855633, 0.7250296539855633, 0.7106683069177878, 0.7106683069177878, 0.7106683069177878, 0.7106683069177878, 0.7106683069177878, 0.7106683069177878, 0.7106683069177878]
std = [0.0, 0.0, 0.0, 0.0, 0.0, 0.0, 0.0, 0.0, 0.0, 0.0, 0.0, 0.0, 0.0, 0.0, 0.0, 0.0, 0.0, 0.0, 0.0, 0.0, 0.0, 0.0, 0.0, 0.0, 0.0, 0.0, 0.0, 0.0, 0.0, 0.0, 0.0, 0.0, 0.0, 0.0, 0.0, 0.0, 0.0, 0.0, 0.0, 0.0, 0.0, 0.0, 0.0, 0.0, 0.0, 0.0, 0.0, 0.0, 0.0, 0.0]
