local cost:
avg = [0.006029953349999947, 0.005419355439999967, 0.0051451621599999785, 0.004714286339999991, 0.00466359513999999, 0.004622120469999991, 0.0045990790199999946, 0.004527650419999997, 0.004552995969999996, 0.004511521319999999, 0.0045230420100000005, 0.004576037479999995, 0.00453456281, 0.004661290860000001, 0.004472350790000004, 0.004467742500000004, 0.0044677424800000035, 0.0045529959100000066, 0.004569124960000003, 0.004601383, 0.004605991290000001, 0.004612903730000001, 0.004610599580000001, 0.004610599580000001, 0.004612903750000002, 0.004608295440000002, 0.004612903750000002, 0.004608295440000002, 0.004608295440000002, 0.004608295440000002, 0.004612903750000002, 0.004612903750000002, 0.004612903750000002, 0.004608295440000002, 0.004608295440000002, 0.004608295440000002, 0.004608295440000002, 0.004608295440000002, 0.004612903750000002, 0.004612903750000002, 0.004612903750000002, 0.004608295440000002, 0.004608295440000002, 0.0046059912900000026, 0.0046059912900000026, 0.0046059912900000026, 0.0046059912900000026, 0.0046059912900000026, 0.0046059912900000026, 0.0046059912900000026]
std = [0.0, 0.0, 0.0, 0.0, 0.0, 0.0, 0.0, 0.0, 0.0, 0.0, 0.0, 0.0, 0.0, 0.0, 0.0, 0.0, 0.0, 0.0, 0.0, 0.0, 0.0, 0.0, 0.0, 0.0, 0.0, 0.0, 0.0, 0.0, 0.0, 0.0, 0.0, 0.0, 0.0, 0.0, 0.0, 0.0, 0.0, 0.0, 0.0, 0.0, 0.0, 0.0, 0.0, 0.0, 0.0, 0.0, 0.0, 0.0, 0.0, 0.0]
