global cost:
avg = [9.059363098570214, 5.559388069560708, 3.2395099280528994, 2.270290375345472, 2.0204092258581365, 1.7731961820930462, 1.5630719024901902, 1.4678330894689182, 1.3659700526458978, 1.28828902724316, 1.2225956666481688, 1.116833686676091, 1.0600028978678893, 0.9999474002577022, 0.9685242037135907, 0.9578207433951376, 0.9360467205625754, 0.8909036066106301, 0.8792557532201863, 0.8554844043983125, 0.8433475022004301, 0.7994843699109813, 0.773264601756667, 0.7461240050607104, 0.717958158617738, 0.703452458112659, 0.7031533075747367, 0.7031533075747366, 0.6883356864584759, 0.6731919938258556, 0.6576997064391923, 0.6576997064391923, 0.6576997064391923, 0.6576997064391923, 0.6576997064391923, 0.6576997064391923, 0.6576997064391923, 0.6576997064391923, 0.6576997064391923, 0.6576997064391923, 0.6576997064391923, 0.6576997064391923, 0.6576997064391923, 0.6576997064391923, 0.6576997064391923, 0.6418335821294869, 0.6418335821294868, 0.6418335821294868, 0.6418335821294868, 0.6418335821294868]
std = [0.0, 0.0, 0.0, 0.0, 0.0, 0.0, 0.0, 0.0, 0.0, 0.0, 0.0, 0.0, 0.0, 0.0, 0.0, 0.0, 0.0, 0.0, 0.0, 0.0, 0.0, 0.0, 0.0, 0.0, 0.0, 0.0, 0.0, 0.0, 0.0, 0.0, 0.0, 0.0, 0.0, 0.0, 0.0, 0.0, 0.0, 0.0, 0.0, 0.0, 0.0, 0.0, 0.0, 0.0, 0.0, 0.0, 0.0, 0.0, 0.0, 0.0]
