local cost:
avg = [0.006029953349999947, 0.005359447639999975, 0.0051105999699999766, 0.004769585899999989, 0.004760369319999989, 0.004767281719999989, 0.00470737382999999, 0.004730415289999988, 0.004762673319999989, 0.004751152569999989, 0.0047004613199999904, 0.00469124476999999, 0.004661290879999993, 0.0046658991699999935, 0.004661290869999994, 0.004617512049999996, 0.004605991329999995, 0.004603687179999995, 0.004599078899999996, 0.004601383039999995, 0.004569124959999999, 0.004430876399999998, 0.004426268149999998, 0.004426268149999998, 0.004433180589999998, 0.004440093029999996, 0.00440322667, 0.00439861839, 0.0043917059500000015, 0.0043917059500000015, 0.0044170515499999995, 0.0044170515499999995, 0.0044170515499999995, 0.0044170515499999995, 0.0044170515499999995, 0.0044170515499999995, 0.00441935569, 0.00441935569, 0.00441935569, 0.00441935569, 0.00441935569, 0.00441935569, 0.00441935569, 0.00441935569, 0.00441935569, 0.00441935569, 0.00441935569, 0.00441935569, 0.00441935569, 0.00441935569]
std = [0.0, 0.0, 0.0, 0.0, 0.0, 0.0, 0.0, 0.0, 0.0, 0.0, 0.0, 0.0, 0.0, 0.0, 0.0, 0.0, 0.0, 0.0, 0.0, 0.0, 0.0, 0.0, 0.0, 0.0, 0.0, 0.0, 0.0, 0.0, 0.0, 0.0, 0.0, 0.0, 0.0, 0.0, 0.0, 0.0, 0.0, 0.0, 0.0, 0.0, 0.0, 0.0, 0.0, 0.0, 0.0, 0.0, 0.0, 0.0, 0.0, 0.0]
