global cost:
avg = [9.059363098570214, 5.509092001141939, 3.1360214858193034, 2.3241430826863168, 1.9843698100468719, 1.7438841465774615, 1.5498247187834635, 1.4537182894693896, 1.335439986641599, 1.2056131430541137, 1.1531659509795773, 1.0887891501991636, 1.0600028978678897, 1.0203587196100201, 0.9578207433951377, 0.8967294527003149, 0.8734337971123766, 0.8734337971123766, 0.8372758970823485, 0.8248711239545367, 0.8248711239545367, 0.8248711239545367, 0.8248711239545367, 0.8248711239545367, 0.8248711239545367, 0.8248711239545367, 0.8248711239545367, 0.8248711239545367, 0.8122769321068952, 0.8122769321068952, 0.8122769321068952, 0.8122769321068952, 0.8122769321068952, 0.8122769321068952, 0.8122769321068952, 0.8122769321068952, 0.8122769321068952, 0.8122769321068952, 0.7994843699109813, 0.7994843699109813, 0.7864837576396145, 0.7864837576396145, 0.7864837576396145, 0.7864837576396145, 0.773264601756667, 0.773264601756667, 0.773264601756667, 0.773264601756667, 0.773264601756667, 0.773264601756667]
std = [0.0, 0.0, 0.0, 0.0, 0.0, 0.0, 0.0, 0.0, 0.0, 0.0, 0.0, 0.0, 0.0, 0.0, 0.0, 0.0, 0.0, 0.0, 0.0, 0.0, 0.0, 0.0, 0.0, 0.0, 0.0, 0.0, 0.0, 0.0, 0.0, 0.0, 0.0, 0.0, 0.0, 0.0, 0.0, 0.0, 0.0, 0.0, 0.0, 0.0, 0.0, 0.0, 0.0, 0.0, 0.0, 0.0, 0.0, 0.0, 0.0, 0.0]
