local cost:
avg = [0.006029953349999947, 0.00540092223999997, 0.005154378709999978, 0.004979263209999986, 0.0048917055099999916, 0.004836405989999993, 0.0048640557199999945, 0.004781106419999994, 0.004788018829999993, 0.004781106429999993, 0.004781106429999993, 0.0048018437799999935, 0.004804147919999993, 0.004771889889999994, 0.004658986749999993, 0.004658986749999991, 0.004665899159999991, 0.004817973309999991, 0.00483410229999999, 0.004822581549999989, 0.004822581549999989, 0.00483410229999999, 0.00483410229999999, 0.00483410229999999, 0.00483410229999999, 0.00483410229999999, 0.00483410229999999, 0.00483410229999999, 0.00471428614999999, 0.004716590289999991, 0.004705069539999989, 0.004705069539999989, 0.004705069539999989, 0.00483179809999999, 0.00483179809999999, 0.004705069539999989, 0.00471889443999999, 0.0047096778299999895, 0.004732719309999992, 0.00472119855999999, 0.004732719309999992, 0.004732719309999992, 0.004732719309999992, 0.00472119855999999, 0.004820276859999992, 0.004820276859999992, 0.004820276859999992, 0.004820276859999992, 0.004820276859999992, 0.004820276859999992]
std = [0.0, 0.0, 0.0, 0.0, 0.0, 0.0, 0.0, 0.0, 0.0, 0.0, 0.0, 0.0, 0.0, 0.0, 0.0, 0.0, 0.0, 0.0, 0.0, 0.0, 0.0, 0.0, 0.0, 0.0, 0.0, 0.0, 0.0, 0.0, 0.0, 0.0, 0.0, 0.0, 0.0, 0.0, 0.0, 0.0, 0.0, 0.0, 0.0, 0.0, 0.0, 0.0, 0.0, 0.0, 0.0, 0.0, 0.0, 0.0, 0.0, 0.0]
