global cost:
avg = [9.059363098570214, 5.5779011532102505, 3.245868402655191, 2.398365387658057, 2.0658219793200847, 1.8610472156562141, 1.6805717720971605, 1.5058620289528366, 1.3696232594850184, 1.2882890272431602, 1.2056131430541135, 1.116833686676091, 1.0502321585189116, 1.0102046129290683, 0.9736697701869831, 0.913753987500952, 0.8792557532201862, 0.8554844043983123, 0.8433475022004301, 0.818533992003779, 0.7929443755167072, 0.7798347427260148, 0.7798347427260148, 0.7798347427260148, 0.7798347427260148, 0.7798347427260148, 0.7798347427260148, 0.7798347427260148, 0.7798347427260148, 0.7798347427260148, 0.7798347427260148, 0.7798347427260148, 0.7798347427260148, 0.7798347427260148, 0.7798347427260148, 0.7798347427260148, 0.7798347427260148, 0.7798347427260148, 0.7798347427260148, 0.7798347427260148, 0.7798347427260148, 0.7798347427260148, 0.7798347427260148, 0.7798347427260148, 0.7798347427260148, 0.7798347427260148, 0.7798347427260148, 0.7798347427260148, 0.7798347427260148, 0.7798347427260148]
std = [0.0, 0.0, 0.0, 0.0, 0.0, 0.0, 0.0, 0.0, 0.0, 0.0, 0.0, 0.0, 0.0, 0.0, 0.0, 0.0, 0.0, 0.0, 0.0, 0.0, 0.0, 0.0, 0.0, 0.0, 0.0, 0.0, 0.0, 0.0, 0.0, 0.0, 0.0, 0.0, 0.0, 0.0, 0.0, 0.0, 0.0, 0.0, 0.0, 0.0, 0.0, 0.0, 0.0, 0.0, 0.0, 0.0, 0.0, 0.0, 0.0, 0.0]
