local cost:
avg = [0.006029953349999947, 0.00540092223999997, 0.005156682849999978, 0.004861751689999986, 0.004838710189999986, 0.004983871279999976, 0.004990783619999979, 0.004979262839999979, 0.005006912589999979, 0.004866359859999979, 0.004864055679999984, 0.004974654739999979, 0.0048548390299999805, 0.004894009539999982, 0.004887097089999981, 0.004887097089999981, 0.004882488799999981, 0.004822581149999985, 0.004847926749999984, 0.004852535069999983, 0.004859447519999982, 0.004861751659999982, 0.004843318459999982, 0.004843318459999982, 0.0048525350099999824, 0.0048525350099999824, 0.0048525350099999824, 0.0048525350099999824, 0.0048525350099999824, 0.0048525350099999824, 0.0048525350099999824, 0.0048525350099999824, 0.0048525350099999824, 0.0048525350099999824, 0.004841014259999982, 0.004841014259999982, 0.004841014259999982, 0.004843318399999983, 0.004836405959999982, 0.004836405959999982, 0.004836405959999982, 0.004836405959999982, 0.004836405959999982, 0.004836405959999982, 0.004847926709999982, 0.004847926709999982, 0.004836405959999982, 0.004836405959999982, 0.004836405959999982, 0.004836405959999982]
std = [0.0, 0.0, 0.0, 0.0, 0.0, 0.0, 0.0, 0.0, 0.0, 0.0, 0.0, 0.0, 0.0, 0.0, 0.0, 0.0, 0.0, 0.0, 0.0, 0.0, 0.0, 0.0, 0.0, 0.0, 0.0, 0.0, 0.0, 0.0, 0.0, 0.0, 0.0, 0.0, 0.0, 0.0, 0.0, 0.0, 0.0, 0.0, 0.0, 0.0, 0.0, 0.0, 0.0, 0.0, 0.0, 0.0, 0.0, 0.0, 0.0, 0.0]
