global cost:
avg = [9.059363098570214, 5.564948461403485, 3.2522144456904165, 2.428268195571362, 1.9237790234632433, 1.6837298921364705, 1.522984711725012, 1.4322853050404156, 1.335439986641599, 1.2393455036869025, 1.1620715413431584, 1.0600028978678895, 0.9895838754653932, 0.8909036066106301, 0.8674515103853161, 0.8433475022004301, 0.805840765514262, 0.7798347427260148, 0.752931014476418, 0.7250296539855636, 0.7250296539855635, 0.6960106937083397, 0.6960106937083397, 0.6960106937083397, 0.6960106937083396, 0.6810376854883533, 0.6810376854883533, 0.6810376854883533, 0.6810376854883533, 0.6810376854883533, 0.6810376854883533, 0.6810376854883533, 0.6810376854883533, 0.6810376854883533, 0.6810376854883533, 0.6810376854883533, 0.6810376854883533, 0.6810376854883533, 0.6810376854883533, 0.6810376854883533, 0.6810376854883533, 0.6657280017802333, 0.6657280017802332, 0.6657280017802332, 0.6657280017802332, 0.6657280017802332, 0.6657280017802332, 0.6657280017802332, 0.6657280017802332, 0.6657280017802332]
std = [0.0, 0.0, 0.0, 0.0, 0.0, 0.0, 0.0, 0.0, 0.0, 0.0, 0.0, 0.0, 0.0, 0.0, 0.0, 0.0, 0.0, 0.0, 0.0, 0.0, 0.0, 0.0, 0.0, 0.0, 0.0, 0.0, 0.0, 0.0, 0.0, 0.0, 0.0, 0.0, 0.0, 0.0, 0.0, 0.0, 0.0, 0.0, 0.0, 0.0, 0.0, 0.0, 0.0, 0.0, 0.0, 0.0, 0.0, 0.0, 0.0, 0.0]
