local cost:
avg = [0.006029953349999947, 0.005391705689999972, 0.0051428580199999775, 0.0051589864399999765, 0.005059908009999982, 0.00500460848999998, 0.004986175289999978, 0.004993087729999979, 0.0049700463299999775, 0.004799539659999979, 0.00477419403999998, 0.00475576086999998, 0.004758065019999979, 0.00475345671999998, 0.00476958572999998, 0.004661291169999991, 0.004792628019999991, 0.004656682839999991, 0.004705069969999989, 0.004679724249999989, 0.004670507699999989, 0.004663595259999989, 0.004663595259999989, 0.004670507699999989, 0.004573733549999988, 0.004566821109999988, 0.004566821109999988, 0.004566821109999988, 0.004566821109999988, 0.004566821109999988, 0.004566821109999988, 0.004566821109999988, 0.004566821109999988, 0.004566821109999988, 0.004566821109999988, 0.004566821109999988, 0.004566821109999988, 0.004566821109999988, 0.004566821109999988, 0.004566821109999988, 0.004622120569999989, 0.004622120569999989, 0.004569125219999987, 0.004569125219999987, 0.004569125219999987, 0.004569125219999987, 0.004569125219999987, 0.004569125219999987, 0.004569125219999987, 0.004569125219999987]
std = [0.0, 0.0, 0.0, 0.0, 0.0, 0.0, 0.0, 0.0, 0.0, 0.0, 0.0, 0.0, 0.0, 0.0, 0.0, 0.0, 0.0, 0.0, 0.0, 0.0, 0.0, 0.0, 0.0, 0.0, 0.0, 0.0, 0.0, 0.0, 0.0, 0.0, 0.0, 0.0, 0.0, 0.0, 0.0, 0.0, 0.0, 0.0, 0.0, 0.0, 0.0, 0.0, 0.0, 0.0, 0.0, 0.0, 0.0, 0.0, 0.0, 0.0]
