global cost:
avg = [9.059363098570214, 5.600036067329978, 3.2075284888747273, 2.346216923539639, 1.9739519826032743, 1.7080458355904895, 1.5630719024901905, 1.4322853050404154, 1.3584018654376202, 1.2558719643781384, 1.1883879574039602, 1.1260266606060179, 1.0304127684502122, 0.9895838754653933, 0.9469963145530097, 0.89090360661063, 0.8554844043983124, 0.8370245760810141, 0.8120178739175264, 0.799221165173013, 0.7595385446160163, 0.7458419698946857, 0.7458419698946857, 0.7318891223097626, 0.7250296539855637, 0.7250296539855637, 0.7250296539855637, 0.7250296539855637, 0.7250296539855637, 0.7250296539855637, 0.7250296539855637, 0.7250296539855637, 0.7250296539855637, 0.7250296539855637, 0.7250296539855637, 0.7250296539855636, 0.7106683069177879, 0.7106683069177879, 0.7106683069177879, 0.7106683069177878, 0.7106683069177878, 0.7106683069177878, 0.7106683069177878, 0.7106683069177878, 0.7106683069177878, 0.7106683069177878, 0.7106683069177878, 0.7106683069177878, 0.7106683069177878, 0.7106683069177878]
std = [0.0, 0.0, 0.0, 0.0, 0.0, 0.0, 0.0, 0.0, 0.0, 0.0, 0.0, 0.0, 0.0, 0.0, 0.0, 0.0, 0.0, 0.0, 0.0, 0.0, 0.0, 0.0, 0.0, 0.0, 0.0, 0.0, 0.0, 0.0, 0.0, 0.0, 0.0, 0.0, 0.0, 0.0, 0.0, 0.0, 0.0, 0.0, 0.0, 0.0, 0.0, 0.0, 0.0, 0.0, 0.0, 0.0, 0.0, 0.0, 0.0, 0.0]
