local cost:
avg = [0.006029953349999947, 0.005391705689999972, 0.0051428580199999775, 0.005064516349999975, 0.005110599239999971, 0.005029954119999975, 0.005041474889999975, 0.004990783689999975, 0.004990783629999975, 0.005062212239999977, 0.005043779109999978, 0.005041474969999977, 0.005064516439999978, 0.005152073909999979, 0.00517741950999998, 0.005297235119999979, 0.005188940269999979, 0.00521428584999998, 0.00522119828999998, 0.005225806569999981, 0.005225806569999981, 0.005198156839999982, 0.005198156839999982, 0.005200460989999981, 0.005202765129999982, 0.005202765129999982, 0.005202765129999982, 0.005202765129999982, 0.005202765129999982, 0.005202765129999982, 0.005202765129999982, 0.005202765129999982, 0.005202765129999982, 0.005211981679999981, 0.005211981679999981, 0.005232718939999981, 0.00524654378999998, 0.00524654378999998, 0.00524654378999998, 0.00524884792999998, 0.00527419358999998, 0.00527419358999998, 0.00527419358999998, 0.00527419358999998, 0.00527419358999998, 0.00527419358999998, 0.00527419358999998, 0.00527419358999998, 0.00527419358999998, 0.00524884792999998]
std = [0.0, 0.0, 0.0, 0.0, 0.0, 0.0, 0.0, 0.0, 0.0, 0.0, 0.0, 0.0, 0.0, 0.0, 0.0, 0.0, 0.0, 0.0, 0.0, 0.0, 0.0, 0.0, 0.0, 0.0, 0.0, 0.0, 0.0, 0.0, 0.0, 0.0, 0.0, 0.0, 0.0, 0.0, 0.0, 0.0, 0.0, 0.0, 0.0, 0.0, 0.0, 0.0, 0.0, 0.0, 0.0, 0.0, 0.0, 0.0, 0.0, 0.0]
