global cost:
avg = [9.059363098570214, 5.576052610788676, 3.2743287400114, 2.4619981485028877, 2.0856880584224666, 1.8331404625386982, 1.6307584209690722, 1.4921070125295608, 1.362075370976707, 1.2841587710291218, 1.1925852696975945, 1.0933688772725987, 0.9736697701869831, 0.8964947989078107, 0.8731928830829384, 0.8246160223173999, 0.8120178739175262, 0.7992211651730131, 0.7862162006467927, 0.7862162006467927, 0.7862162006467927, 0.7862162006467927, 0.7595385446160162, 0.7595385446160161, 0.7458419698946857, 0.7458419698946855, 0.7458419698946855, 0.7458419698946855, 0.7458419698946855, 0.7458419698946854, 0.7458419698946854, 0.7458419698946854, 0.7458419698946854, 0.7458419698946854, 0.7458419698946854, 0.7458419698946854, 0.7458419698946854, 0.7458419698946854, 0.7458419698946854, 0.7458419698946854, 0.7458419698946854, 0.7458419698946854, 0.7458419698946854, 0.7458419698946854, 0.7458419698946854, 0.7458419698946854, 0.7458419698946854, 0.7458419698946854, 0.7458419698946854, 0.7458419698946854]
std = [0.0, 0.0, 0.0, 0.0, 0.0, 0.0, 0.0, 0.0, 0.0, 0.0, 0.0, 0.0, 0.0, 0.0, 0.0, 0.0, 0.0, 0.0, 0.0, 0.0, 0.0, 0.0, 0.0, 0.0, 0.0, 0.0, 0.0, 0.0, 0.0, 0.0, 0.0, 0.0, 0.0, 0.0, 0.0, 0.0, 0.0, 0.0, 0.0, 0.0, 0.0, 0.0, 0.0, 0.0, 0.0, 0.0, 0.0, 0.0, 0.0, 0.0]
