local cost:
avg = [0.006029953349999947, 0.00540092226999997, 0.005152074599999978, 0.0049170513199999835, 0.004868664139999985, 0.004905530439999983, 0.004880184879999984, 0.004850230909999984, 0.004831797789999985, 0.004824885339999987, 0.0048202769699999875, 0.004960829689999985, 0.004937788159999986, 0.004804147869999989, 0.004813364419999989, 0.004804147839999989, 0.004808756109999988, 0.004808756109999988, 0.004861751459999989, 0.004852534909999989, 0.004852534909999989, 0.004852534909999989, 0.004822580999999989, 0.004813364449999989, 0.0048041478999999885, 0.0048041478999999885, 0.0048041478999999885, 0.0048041478999999885, 0.0048041478999999885, 0.004797235459999988, 0.004797235459999988, 0.004797235459999988, 0.004797235459999988, 0.004797235459999988, 0.004797235459999988, 0.004744240109999988, 0.004744240109999988, 0.004744240109999988, 0.004744240109999988, 0.004744240109999988, 0.004744240109999988, 0.004744240109999988, 0.004739631819999987, 0.004739631819999987, 0.004739631819999987, 0.004739631819999987, 0.004744240109999988, 0.004744240109999988, 0.004744240109999988, 0.004744240109999988]
std = [0.0, 0.0, 0.0, 0.0, 0.0, 0.0, 0.0, 0.0, 0.0, 0.0, 0.0, 0.0, 0.0, 0.0, 0.0, 0.0, 0.0, 0.0, 0.0, 0.0, 0.0, 0.0, 0.0, 0.0, 0.0, 0.0, 0.0, 0.0, 0.0, 0.0, 0.0, 0.0, 0.0, 0.0, 0.0, 0.0, 0.0, 0.0, 0.0, 0.0, 0.0, 0.0, 0.0, 0.0, 0.0, 0.0, 0.0, 0.0, 0.0, 0.0]
