global cost:
avg = [9.059363098570214, 5.576052610788675, 3.220359177754419, 2.233667373352182, 1.9076346770317678, 1.755667687828839, 1.6085781514311077, 1.4818134470782522, 1.3958325155725384, 1.3276977823361318, 1.280261715827704, 1.2225956666481685, 1.1709094003810436, 1.1168336866760913, 1.0600028978678895, 1.0203587196100203, 0.9791106627343388, 0.9469963145530099, 0.9249675163890464, 0.8792557532201863, 0.8554844043983124, 0.8310333644124485, 0.818533992003779, 0.8185339920037789, 0.7929443755167072, 0.7798347427260148, 0.7529310144764181, 0.7529310144764179, 0.7529310144764179, 0.7391120049488148, 0.7250296539855637, 0.7106683069177879, 0.7106683069177878, 0.7106683069177878, 0.7106683069177878, 0.7106683069177878, 0.7106683069177878, 0.7106683069177878, 0.7106683069177878, 0.7106683069177878, 0.7106683069177878, 0.7106683069177878, 0.7106683069177878, 0.7106683069177878, 0.7106683069177878, 0.7106683069177878, 0.7106683069177878, 0.7106683069177878, 0.7106683069177878, 0.7106683069177878]
std = [0.0, 0.0, 0.0, 0.0, 0.0, 0.0, 0.0, 0.0, 0.0, 0.0, 0.0, 0.0, 0.0, 0.0, 0.0, 0.0, 0.0, 0.0, 0.0, 0.0, 0.0, 0.0, 0.0, 0.0, 0.0, 0.0, 0.0, 0.0, 0.0, 0.0, 0.0, 0.0, 0.0, 0.0, 0.0, 0.0, 0.0, 0.0, 0.0, 0.0, 0.0, 0.0, 0.0, 0.0, 0.0, 0.0, 0.0, 0.0, 0.0, 0.0]
