local cost:
avg = [0.006029953349999947, 0.0053940098299999715, 0.005145162159999978, 0.004861751789999986, 0.004811060529999986, 0.004806452189999989, 0.004711982189999989, 0.004709678049999989, 0.004705069759999988, 0.004702765619999988, 0.004707373919999989, 0.0047419361199999895, 0.004594470929999989, 0.00459907924999999, 0.004728112009999992, 0.004730416149999991, 0.00462442492999999, 0.00476497834999999, 0.0047557617699999916, 0.00473502448999999, 0.004838710829999989, 0.004718894709999989, 0.00472119884999999, 0.004675115899999992, 0.0046728117599999916, 0.00467742003999999, 0.004693549079999989, 0.004686636639999988, 0.004652074429999992, 0.004649770269999992, 0.004698157319999993, 0.004705069759999994, 0.004695853149999992, 0.004695853149999992, 0.004695853149999992, 0.004695853149999992, 0.004695853149999992, 0.004695853149999992, 0.004695853149999992, 0.004695853149999992, 0.004695853149999992, 0.004695853149999992, 0.004735023619999993, 0.004735023619999993, 0.004735023619999993, 0.004735023619999993, 0.004735023619999993, 0.004735023619999993, 0.004735023619999993, 0.004735023619999993]
std = [0.0, 0.0, 0.0, 0.0, 0.0, 0.0, 0.0, 0.0, 0.0, 0.0, 0.0, 0.0, 0.0, 0.0, 0.0, 0.0, 0.0, 0.0, 0.0, 0.0, 0.0, 0.0, 0.0, 0.0, 0.0, 0.0, 0.0, 0.0, 0.0, 0.0, 0.0, 0.0, 0.0, 0.0, 0.0, 0.0, 0.0, 0.0, 0.0, 0.0, 0.0, 0.0, 0.0, 0.0, 0.0, 0.0, 0.0, 0.0, 0.0, 0.0]
