global cost:
avg = [9.059363098570214, 5.581596401423727, 3.2426907238671916, 2.4112262861082274, 2.0558169511996662, 1.8132051796070052, 1.627432875918916, 1.460504655280475, 1.3351248571494778, 1.2472987855630555, 1.1793243009701893, 1.0978336834646436, 1.0596058558470804, 1.0199462451233887, 0.9786808040097527, 0.9573813256665882, 0.9355970763812017, 0.9132933679442715, 0.9019347089617739, 0.8669662906519878, 0.8549923931976449, 0.8428484061352938, 0.8246160223173997, 0.7992211651730129, 0.7729924692119884, 0.7595385446160161, 0.7595385446160161, 0.7595385446160159, 0.7595385446160159, 0.7458419698946855, 0.7391120049488151, 0.7250296539855637, 0.7106683069177879, 0.7106683069177878, 0.7106683069177878, 0.7106683069177878, 0.7106683069177878, 0.7031533075747368, 0.688335686458476, 0.6883356864584759, 0.6883356864584759, 0.6883356864584759, 0.6883356864584759, 0.6883356864584759, 0.6883356864584759, 0.6883356864584759, 0.6883356864584759, 0.6883356864584759, 0.6883356864584759, 0.6883356864584759]
std = [0.0, 0.0, 0.0, 0.0, 0.0, 0.0, 0.0, 0.0, 0.0, 0.0, 0.0, 0.0, 0.0, 0.0, 0.0, 0.0, 0.0, 0.0, 0.0, 0.0, 0.0, 0.0, 0.0, 0.0, 0.0, 0.0, 0.0, 0.0, 0.0, 0.0, 0.0, 0.0, 0.0, 0.0, 0.0, 0.0, 0.0, 0.0, 0.0, 0.0, 0.0, 0.0, 0.0, 0.0, 0.0, 0.0, 0.0, 0.0, 0.0, 0.0]
