local cost:
avg = [0.006029953349999947, 0.0053940098299999715, 0.005147466299999979, 0.00476267339999999, 0.004785714859999987, 0.00480184386999999, 0.004741935919999991, 0.004723502789999991, 0.004758064999999992, 0.004813364569999991, 0.004965438699999983, 0.004956222089999983, 0.0049723510399999815, 0.004963134439999985, 0.0049769592899999845, 0.004974655149999985, 0.005006913209999984, 0.0050322587799999825, 0.005131337069999984, 0.005119816339999985, 0.005117512199999985, 0.005094470749999985, 0.005085254179999984, 0.004988480029999983, 0.004988480029999983, 0.004951613679999987, 0.004951613679999987, 0.004940092939999988, 0.004940092939999988, 0.004949309519999989, 0.00497004681999999, 0.00494700533999999, 0.00496083024999999, 0.005057604399999991, 0.0050875583499999915, 0.0050875583499999915, 0.0050875583499999915, 0.005076038349999991, 0.005057605199999991, 0.005057605199999991, 0.005057605199999991, 0.005057605199999991, 0.005057605199999991, 0.005057605199999991, 0.005057605199999991, 0.004926268349999991, 0.004926268349999991, 0.004926268349999991, 0.004926268349999991, 0.004926268349999991]
std = [0.0, 0.0, 0.0, 0.0, 0.0, 0.0, 0.0, 0.0, 0.0, 0.0, 0.0, 0.0, 0.0, 0.0, 0.0, 0.0, 0.0, 0.0, 0.0, 0.0, 0.0, 0.0, 0.0, 0.0, 0.0, 0.0, 0.0, 0.0, 0.0, 0.0, 0.0, 0.0, 0.0, 0.0, 0.0, 0.0, 0.0, 0.0, 0.0, 0.0, 0.0, 0.0, 0.0, 0.0, 0.0, 0.0, 0.0, 0.0, 0.0, 0.0]
