global cost:
avg = [9.059363098570214, 5.625750061032843, 3.207528488874727, 2.368085014480892, 1.8885416390450338, 1.6744261478096782, 1.5058620289528366, 1.3994077674954106, 1.323690497327899, 1.2350515815158651, 1.1663635605575955, 1.1212988771471397, 1.0933688772725991, 1.0352507723166198, 0.99462049786742, 0.952258214967931, 0.8964947989078108, 0.8731928830829386, 0.8492518458411689, 0.8370245760810141, 0.8120178739175264, 0.7992211651730132, 0.7729924692119886, 0.7595385446160163, 0.7595385446160163, 0.7458419698946859, 0.7458419698946858, 0.7458419698946858, 0.7458419698946858, 0.7458419698946858, 0.7458419698946858, 0.7458419698946857, 0.7458419698946855, 0.7318891223097624, 0.7318891223097622, 0.7318891223097622, 0.7318891223097622, 0.7318891223097622, 0.717665054642013, 0.717665054642013, 0.717665054642013, 0.717665054642013, 0.717665054642013, 0.717665054642013, 0.717665054642013, 0.717665054642013, 0.717665054642013, 0.717665054642013, 0.717665054642013, 0.717665054642013]
std = [0.0, 0.0, 0.0, 0.0, 0.0, 0.0, 0.0, 0.0, 0.0, 0.0, 0.0, 0.0, 0.0, 0.0, 0.0, 0.0, 0.0, 0.0, 0.0, 0.0, 0.0, 0.0, 0.0, 0.0, 0.0, 0.0, 0.0, 0.0, 0.0, 0.0, 0.0, 0.0, 0.0, 0.0, 0.0, 0.0, 0.0, 0.0, 0.0, 0.0, 0.0, 0.0, 0.0, 0.0, 0.0, 0.0, 0.0, 0.0, 0.0, 0.0]
