local cost:
avg = [0.006029953349999947, 0.0053940098299999715, 0.005147466299999978, 0.00490322638999999, 0.004838710209999991, 0.004940092699999987, 0.004930876109999988, 0.004776498319999986, 0.004753456819999986, 0.0047695857799999845, 0.0047442401799999865, 0.004760369179999987, 0.004735023589999988, 0.004758065069999986, 0.004753456729999987, 0.004735023569999989, 0.004725807019999991, 0.004723502879999991, 0.004684332379999993, 0.004675115809999993, 0.004670507499999993, 0.004668203359999993, 0.004668203359999993, 0.004764977509999994, 0.0047741940599999935, 0.0047741940599999935, 0.004767281619999994, 0.004767281619999994, 0.004767281619999994, 0.004767281619999994, 0.004767281619999994, 0.004693548909999994, 0.0046981571999999945, 0.004711982089999996, 0.004684332389999996, 0.004684332389999996, 0.004684332389999996, 0.004684332389999996, 0.0046774199499999974, 0.0046774199499999974, 0.0046774199499999974, 0.0046774199499999974, 0.004748848449999999, 0.004751152599999998, 0.004739631849999998, 0.004744240139999997, 0.004744240139999997, 0.004647465989999996, 0.004647465989999996, 0.004647465989999996]
std = [0.0, 0.0, 0.0, 0.0, 0.0, 0.0, 0.0, 0.0, 0.0, 0.0, 0.0, 0.0, 0.0, 0.0, 0.0, 0.0, 0.0, 0.0, 0.0, 0.0, 0.0, 0.0, 0.0, 0.0, 0.0, 0.0, 0.0, 0.0, 0.0, 0.0, 0.0, 0.0, 0.0, 0.0, 0.0, 0.0, 0.0, 0.0, 0.0, 0.0, 0.0, 0.0, 0.0, 0.0, 0.0, 0.0, 0.0, 0.0, 0.0, 0.0]
