global cost:
avg = [9.059363098570214, 5.555678049938807, 3.2043127890769276, 2.3018575727645487, 2.01017818278147, 1.7875837048340828, 1.6370679840075588, 1.5364633238545524, 1.3958325155725386, 1.296266629369189, 1.2393455036869025, 1.1709094003810436, 1.135145187672736, 1.0887891501991631, 1.0203587196100201, 0.989583875465393, 0.9578207433951376, 0.9469963145530096, 0.9360467205625752, 0.9137539875009522, 0.8792557532201863, 0.8674515103853161, 0.8554844043983124, 0.8433475022004301, 0.8310333644124485, 0.8310333644124485, 0.8058407655142619, 0.8058407655142619, 0.8058407655142618, 0.8058407655142618, 0.792944375516707, 0.792944375516707, 0.792944375516707, 0.792944375516707, 0.792944375516707, 0.7798347427260148, 0.7665009258060416, 0.7665009258060416, 0.7665009258060416, 0.752931014476418, 0.7250296539855636, 0.7106683069177878, 0.7106683069177878, 0.7106683069177878, 0.7106683069177878, 0.7106683069177878, 0.7106683069177878, 0.7106683069177878, 0.7106683069177878, 0.7106683069177878]
std = [0.0, 0.0, 0.0, 0.0, 0.0, 0.0, 0.0, 0.0, 0.0, 0.0, 0.0, 0.0, 0.0, 0.0, 0.0, 0.0, 0.0, 0.0, 0.0, 0.0, 0.0, 0.0, 0.0, 0.0, 0.0, 0.0, 0.0, 0.0, 0.0, 0.0, 0.0, 0.0, 0.0, 0.0, 0.0, 0.0, 0.0, 0.0, 0.0, 0.0, 0.0, 0.0, 0.0, 0.0, 0.0, 0.0, 0.0, 0.0, 0.0, 0.0]
