local cost:
avg = [0.006029953349999947, 0.00540553053999997, 0.005161291149999978, 0.00473732777999999, 0.004827189469999986, 0.004861751689999985, 0.004880184819999986, 0.0049377883799999935, 0.004914746949999994, 0.004834101789999995, 0.004811060349999994, 0.0047188944799999985, 0.004735023489999999, 0.004781106399999994, 0.004695852909999997, 0.004686636329999997, 0.0047096777599999985, 0.0045990787599999965, 0.004640553369999996, 0.004737327519999997, 0.004714286019999999, 0.004714286019999999, 0.004700461129999999, 0.004723502579999999, 0.004725806719999999, 0.0048317974599999996, 0.004824885019999999, 0.004824885019999999, 0.004824885019999999, 0.004824885019999999, 0.004824885019999999, 0.004824885019999999, 0.004824885019999999, 0.004824885019999999, 0.004730415009999999, 0.004732719139999999, 0.00482258089, 0.00482258089, 0.00482258089, 0.0048225809, 0.004824885050000001, 0.004834101600000001, 0.004834101600000001, 0.004834101600000001, 0.004834101600000001, 0.004834101600000001, 0.004834101600000001, 0.004834101600000001, 0.004834101600000001, 0.004834101600000001]
std = [0.0, 0.0, 0.0, 0.0, 0.0, 0.0, 0.0, 0.0, 0.0, 0.0, 0.0, 0.0, 0.0, 0.0, 0.0, 0.0, 0.0, 0.0, 0.0, 0.0, 0.0, 0.0, 0.0, 0.0, 0.0, 0.0, 0.0, 0.0, 0.0, 0.0, 0.0, 0.0, 0.0, 0.0, 0.0, 0.0, 0.0, 0.0, 0.0, 0.0, 0.0, 0.0, 0.0, 0.0, 0.0, 0.0, 0.0, 0.0, 0.0, 0.0]
