global cost:
avg = [9.059363098570214, 5.516572205985363, 3.184950409352676, 2.2748267945246545, 2.03058872087253, 1.7933415900183034, 1.6244243506117821, 1.4990002980456416, 1.406755364812063, 1.3158791646709622, 1.2182427080031208, 1.1395386282586029, 1.0647064532937005, 0.9946204978674201, 0.9413698270461403, 0.9192061998653066, 0.8849205431945432, 0.8492518458411689, 0.8120178739175264, 0.7729924692119885, 0.7318891223097624, 0.7250296539855636, 0.6960106937083397, 0.6960106937083397, 0.6960106937083397, 0.6960106937083397, 0.6960106937083397, 0.6960106937083397, 0.6960106937083397, 0.6960106937083397, 0.6960106937083397, 0.6960106937083397, 0.6960106937083397, 0.6960106937083397, 0.6960106937083397, 0.6810376854883533, 0.6810376854883533, 0.6810376854883533, 0.6810376854883533, 0.6810376854883533, 0.6810376854883533, 0.6810376854883533, 0.6810376854883533, 0.6810376854883533, 0.6810376854883533, 0.6810376854883533, 0.6810376854883533, 0.6810376854883533, 0.6810376854883533, 0.6810376854883533]
std = [0.0, 0.0, 0.0, 0.0, 0.0, 0.0, 0.0, 0.0, 0.0, 0.0, 0.0, 0.0, 0.0, 0.0, 0.0, 0.0, 0.0, 0.0, 0.0, 0.0, 0.0, 0.0, 0.0, 0.0, 0.0, 0.0, 0.0, 0.0, 0.0, 0.0, 0.0, 0.0, 0.0, 0.0, 0.0, 0.0, 0.0, 0.0, 0.0, 0.0, 0.0, 0.0, 0.0, 0.0, 0.0, 0.0, 0.0, 0.0, 0.0, 0.0]
