local cost:
avg = [0.006029953349999947, 0.005396313969999971, 0.005149770439999978, 0.004751152679999989, 0.004760369249999987, 0.00480184383999998, 0.004824885229999982, 0.004794931259999982, 0.004850230819999982, 0.004852535019999982, 0.004799539639999984, 0.004797235469999985, 0.00487557654999998, 0.004910138749999979, 0.004774194329999978, 0.004788019239999978, 0.004797235829999979, 0.00481106067999998, 0.004785715069999982, 0.004744240389999982, 0.004737327949999983, 0.004741936249999982, 0.004705069889999985, 0.004705069889999985, 0.004705069889999985, 0.004705069889999985, 0.004753456939999986, 0.004748848639999986, 0.004748848639999986, 0.004748848639999986, 0.004748848639999986, 0.004748848639999986, 0.004748848639999986, 0.004748848639999986, 0.004748848629999987, 0.004746544479999988, 0.004746544479999988, 0.004746544479999988, 0.004744240329999988, 0.004744240329999988, 0.004744240329999988, 0.004744240329999988, 0.004744240329999988, 0.004744240329999988, 0.004744240329999988, 0.004744240329999988, 0.004744240329999988, 0.004744240329999988, 0.004744240329999988, 0.004744240329999988]
std = [0.0, 0.0, 0.0, 0.0, 0.0, 0.0, 0.0, 0.0, 0.0, 0.0, 0.0, 0.0, 0.0, 0.0, 0.0, 0.0, 0.0, 0.0, 0.0, 0.0, 0.0, 0.0, 0.0, 0.0, 0.0, 0.0, 0.0, 0.0, 0.0, 0.0, 0.0, 0.0, 0.0, 0.0, 0.0, 0.0, 0.0, 0.0, 0.0, 0.0, 0.0, 0.0, 0.0, 0.0, 0.0, 0.0, 0.0, 0.0, 0.0, 0.0]
