global cost:
avg = [9.059363098570214, 5.581596401423727, 3.2426907238671916, 2.350606817186754, 1.9739519826032743, 1.7643642693571595, 1.5988371537015227, 1.4851817330343315, 1.369623259485018, 1.2680010393564203, 1.1751691419100583, 1.1120668213692941, 1.0549792770401796, 1.004932083018084, 0.9522582149679312, 0.9192061998653065, 0.8849205431945432, 0.8613055522668267, 0.8370245760810142, 0.8246160223174, 0.7992211651730132, 0.7862162006467927, 0.7729924692119885, 0.7729924692119885, 0.7595385446160163, 0.7458419698946858, 0.7458419698946857, 0.7318891223097624, 0.717665054642013, 0.7031533075747369, 0.7031533075747368, 0.6883356864584761, 0.688335686458476, 0.688335686458476, 0.688335686458476, 0.688335686458476, 0.688335686458476, 0.688335686458476, 0.688335686458476, 0.688335686458476, 0.688335686458476, 0.688335686458476, 0.688335686458476, 0.688335686458476, 0.688335686458476, 0.688335686458476, 0.688335686458476, 0.688335686458476, 0.688335686458476, 0.688335686458476]
std = [0.0, 0.0, 0.0, 0.0, 0.0, 0.0, 0.0, 0.0, 0.0, 0.0, 0.0, 0.0, 0.0, 0.0, 0.0, 0.0, 0.0, 0.0, 0.0, 0.0, 0.0, 0.0, 0.0, 0.0, 0.0, 0.0, 0.0, 0.0, 0.0, 0.0, 0.0, 0.0, 0.0, 0.0, 0.0, 0.0, 0.0, 0.0, 0.0, 0.0, 0.0, 0.0, 0.0, 0.0, 0.0, 0.0, 0.0, 0.0, 0.0, 0.0]
