local cost:
avg = [0.006029953349999947, 0.005391705689999972, 0.005147466299999979, 0.004778802459999991, 0.004785714879999987, 0.004815668899999985, 0.004804148159999986, 0.004822581339999985, 0.004866360049999986, 0.004866360049999986, 0.004868664219999985, 0.004882489139999984, 0.004947005309999981, 0.004935484599999982, 0.004972350899999984, 0.004972350899999984, 0.004928572189999984, 0.004923963909999983, 0.005057604899999983, 0.005034563409999982, 0.005034563409999982, 0.005034563409999982, 0.005034563409999982, 0.005046084159999983, 0.005034563409999982, 0.004903226559999981, 0.0048940099599999835, 0.004859447709999984, 0.004859447709999984, 0.0047764984099999885, 0.004767281859999989, 0.004767281859999989, 0.004767281859999989, 0.004767281859999989, 0.004767281859999989, 0.004767281859999989, 0.004767281859999989, 0.004767281859999989, 0.004767281859999989, 0.004767281859999989, 0.004767281859999989, 0.004767281859999989, 0.004767281859999989, 0.004767281859999989, 0.004767281859999989, 0.00486405600999999, 0.004767281859999989, 0.004767281859999989, 0.004767281859999989, 0.004767281859999989]
std = [0.0, 0.0, 0.0, 0.0, 0.0, 0.0, 0.0, 0.0, 0.0, 0.0, 0.0, 0.0, 0.0, 0.0, 0.0, 0.0, 0.0, 0.0, 0.0, 0.0, 0.0, 0.0, 0.0, 0.0, 0.0, 0.0, 0.0, 0.0, 0.0, 0.0, 0.0, 0.0, 0.0, 0.0, 0.0, 0.0, 0.0, 0.0, 0.0, 0.0, 0.0, 0.0, 0.0, 0.0, 0.0, 0.0, 0.0, 0.0, 0.0, 0.0]
