global cost:
avg = [9.059363098570214, 5.581596401423727, 3.2426907238671916, 2.350606817186754, 1.9739519826032743, 1.7643642693571595, 1.5988371537015227, 1.4782240098976305, 1.3696232594850182, 1.315879164670962, 1.2352219217113534, 1.1665439307064442, 1.1214864951317456, 1.0745413790346707, 1.0254493608913984, 0.9844146306046317, 0.9194350573815793, 0.8615497903412858, 0.8372758970823485, 0.8122769321068952, 0.7864837576396145, 0.773264601756667, 0.75981549578096, 0.75981549578096, 0.75981549578096, 0.7529310144764181, 0.739112004948815, 0.7391120049488149, 0.7391120049488149, 0.7250296539855636, 0.7176650546420128, 0.7031533075747367, 0.6883356864584758, 0.6576997064391922, 0.6576997064391922, 0.6576997064391922, 0.6576997064391922, 0.6576997064391922, 0.6576997064391922, 0.6576997064391922, 0.6576997064391922, 0.6576997064391922, 0.6576997064391922, 0.6576997064391922, 0.6418335821294868, 0.6418335821294868, 0.6418335821294868, 0.6418335821294868, 0.6418335821294868, 0.6418335821294868]
std = [0.0, 0.0, 0.0, 0.0, 0.0, 0.0, 0.0, 0.0, 0.0, 0.0, 0.0, 0.0, 0.0, 0.0, 0.0, 0.0, 0.0, 0.0, 0.0, 0.0, 0.0, 0.0, 0.0, 0.0, 0.0, 0.0, 0.0, 0.0, 0.0, 0.0, 0.0, 0.0, 0.0, 0.0, 0.0, 0.0, 0.0, 0.0, 0.0, 0.0, 0.0, 0.0, 0.0, 0.0, 0.0, 0.0, 0.0, 0.0, 0.0, 0.0]
