global cost:
avg = [9.059363098570214, 5.583443108431152, 3.2617103597438746, 2.4026600028753986, 2.073370173279988, 1.8360361717299294, 1.649614711884152, 1.5397120619606472, 1.3544854224096705, 1.2598444662369763, 1.1839092316553044, 1.1395386282586029, 1.0838989552016889, 1.0252441684209315, 0.9630235016212958, 0.9413698270461401, 0.907921517076111, 0.8731928830829385, 0.8674515103853161, 0.8310333644124485, 0.805840765514262, 0.7929443755167072, 0.792944375516707, 0.7798347427260147, 0.7665009258060416, 0.7529310144764181, 0.7529310144764181, 0.7529310144764181, 0.752931014476418, 0.7529310144764179, 0.7391120049488149, 0.7250296539855636, 0.7106683069177879, 0.7106683069177878, 0.7106683069177878, 0.7106683069177878, 0.7106683069177878, 0.7106683069177878, 0.7106683069177878, 0.7106683069177878, 0.7106683069177878, 0.7106683069177878, 0.7106683069177878, 0.7106683069177878, 0.7106683069177878, 0.6960106937083397, 0.6810376854883534, 0.6657280017802334, 0.6657280017802333, 0.6657280017802333]
std = [0.0, 0.0, 0.0, 0.0, 0.0, 0.0, 0.0, 0.0, 0.0, 0.0, 0.0, 0.0, 0.0, 0.0, 0.0, 0.0, 0.0, 0.0, 0.0, 0.0, 0.0, 0.0, 0.0, 0.0, 0.0, 0.0, 0.0, 0.0, 0.0, 0.0, 0.0, 0.0, 0.0, 0.0, 0.0, 0.0, 0.0, 0.0, 0.0, 0.0, 0.0, 0.0, 0.0, 0.0, 0.0, 0.0, 0.0, 0.0, 0.0, 0.0]
