local cost:
avg = [0.006029953349999947, 0.0053940098299999715, 0.005145162159999978, 0.004852535189999985, 0.004794931489999989, 0.004827189469999987, 0.004829493619999987, 0.00474884836999999, 0.004755760829999991, 0.0047511525599999915, 0.004852534969999993, 0.00488940143999999, 0.00486175168999999, 0.004799539719999991, 0.004815668759999992, 0.004827189489999993, 0.004746544329999995, 0.004751152649999995, 0.004751152649999995, 0.00481336465999999, 0.004751152629999991, 0.0047096779299999935, 0.004711982079999994, 0.004709677939999993, 0.004686636469999994, 0.004686636469999994, 0.004686636469999994, 0.004686636469999994, 0.004688940609999994, 0.004688940609999994, 0.004686636459999995, 0.004707373769999993, 0.004682028119999996, 0.004679723979999996, 0.004679723979999996, 0.004679723979999996, 0.004679723979999996, 0.004679723979999996, 0.004679723979999996, 0.004679723979999996, 0.004679723979999996, 0.004679723979999996, 0.004679723979999996, 0.004679723979999996, 0.004675115689999996, 0.004675115689999996, 0.004675115689999996, 0.004670507379999996, 0.004670507379999996, 0.004723502729999996]
std = [0.0, 0.0, 0.0, 0.0, 0.0, 0.0, 0.0, 0.0, 0.0, 0.0, 0.0, 0.0, 0.0, 0.0, 0.0, 0.0, 0.0, 0.0, 0.0, 0.0, 0.0, 0.0, 0.0, 0.0, 0.0, 0.0, 0.0, 0.0, 0.0, 0.0, 0.0, 0.0, 0.0, 0.0, 0.0, 0.0, 0.0, 0.0, 0.0, 0.0, 0.0, 0.0, 0.0, 0.0, 0.0, 0.0, 0.0, 0.0, 0.0, 0.0]
