global cost:
avg = [9.059363098570214, 5.581596401423727, 3.2426907238671916, 2.315254619992495, 2.017934526127086, 1.7905530906098395, 1.6276914140477035, 1.4678330894689187, 1.343137563551234, 1.2721837541460217, 1.1075644121194388, 1.0403696603064996, 0.9578207433951377, 0.9024011264248616, 0.8554844043983123, 0.8185339920037789, 0.792944375516707, 0.7665009258060416, 0.739112004948815, 0.7250296539855637, 0.717958158617738, 0.703452458112659, 0.703452458112659, 0.703452458112659, 0.703452458112659, 0.703452458112659, 0.703452458112659, 0.703452458112659, 0.703452458112659, 0.703452458112659, 0.703452458112659, 0.703452458112659, 0.703452458112659, 0.703452458112659, 0.703452458112659, 0.703452458112659, 0.703452458112659, 0.703452458112659, 0.703452458112659, 0.703452458112659, 0.703452458112659, 0.703452458112659, 0.703452458112659, 0.703452458112659, 0.703452458112659, 0.703452458112659, 0.703452458112659, 0.703452458112659, 0.703452458112659, 0.703452458112659]
std = [0.0, 0.0, 0.0, 0.0, 0.0, 0.0, 0.0, 0.0, 0.0, 0.0, 0.0, 0.0, 0.0, 0.0, 0.0, 0.0, 0.0, 0.0, 0.0, 0.0, 0.0, 0.0, 0.0, 0.0, 0.0, 0.0, 0.0, 0.0, 0.0, 0.0, 0.0, 0.0, 0.0, 0.0, 0.0, 0.0, 0.0, 0.0, 0.0, 0.0, 0.0, 0.0, 0.0, 0.0, 0.0, 0.0, 0.0, 0.0, 0.0, 0.0]
