local cost:
avg = [0.006029953349999947, 0.005389401549999971, 0.005168203649999977, 0.0048018439499999885, 0.00477649833999999, 0.004760369189999992, 0.004578341539999997, 0.004585253989999996, 0.004550691740000002, 0.004552995850000002, 0.0045506917, 0.00455299586, 0.004541475150000002, 0.004516129610000003, 0.004513825470000002, 0.004481567420000003, 0.004476959130000003, 0.004470046720000002, 0.004470046720000002, 0.004571429140000004, 0.004569125000000003, 0.004592166440000003, 0.004589862290000003, 0.004589862290000003, 0.0045829498900000045, 0.0045829498900000045, 0.0045829498900000045, 0.0045829498900000045, 0.0045829498900000045, 0.0045829498900000045, 0.004576037450000004, 0.004576037450000004, 0.004576037450000004, 0.004576037450000004, 0.004479263300000003, 0.004479263300000003, 0.004479263300000003, 0.004479263300000003, 0.004479263300000003, 0.004479263300000003, 0.004479263300000003, 0.004479263300000003, 0.004479263300000003, 0.004479263300000003, 0.004479263300000003, 0.004479263300000003, 0.004479263300000003, 0.004479263300000003, 0.004479263300000003, 0.004479263300000003]
std = [0.0, 0.0, 0.0, 0.0, 0.0, 0.0, 0.0, 0.0, 0.0, 0.0, 0.0, 0.0, 0.0, 0.0, 0.0, 0.0, 0.0, 0.0, 0.0, 0.0, 0.0, 0.0, 0.0, 0.0, 0.0, 0.0, 0.0, 0.0, 0.0, 0.0, 0.0, 0.0, 0.0, 0.0, 0.0, 0.0, 0.0, 0.0, 0.0, 0.0, 0.0, 0.0, 0.0, 0.0, 0.0, 0.0, 0.0, 0.0, 0.0, 0.0]
