global cost:
avg = [9.059363098570214, 5.581596401423727, 3.2426907238671916, 2.337412402401799, 1.989558267487155, 1.7229774746284425, 1.5923761136601349, 1.4851817330343313, 1.384595603894663, 1.292161872952478, 1.2433708078066934, 1.1925852696975945, 1.1029482514428428, 1.0551786871689885, 1.0051414220648334, 0.9844146306046317, 0.9736697701869832, 0.9522582149679313, 0.9192061998653066, 0.8964947989078108, 0.8613055522668268, 0.8492518458411689, 0.8492518458411689, 0.8492518458411689, 0.8492518458411689, 0.8492518458411689, 0.8492518458411689, 0.8492518458411689, 0.8492518458411689, 0.8492518458411689, 0.8492518458411689, 0.8370245760810142, 0.8370245760810142, 0.8120178739175264, 0.7992211651730133, 0.7992211651730131, 0.7992211651730131, 0.7862162006467929, 0.7862162006467927, 0.7862162006467927, 0.7862162006467927, 0.7862162006467927, 0.7862162006467927, 0.7862162006467927, 0.7862162006467927, 0.7862162006467927, 0.7862162006467927, 0.7862162006467927, 0.7862162006467927, 0.7862162006467927]
std = [0.0, 0.0, 0.0, 0.0, 0.0, 0.0, 0.0, 0.0, 0.0, 0.0, 0.0, 0.0, 0.0, 0.0, 0.0, 0.0, 0.0, 0.0, 0.0, 0.0, 0.0, 0.0, 0.0, 0.0, 0.0, 0.0, 0.0, 0.0, 0.0, 0.0, 0.0, 0.0, 0.0, 0.0, 0.0, 0.0, 0.0, 0.0, 0.0, 0.0, 0.0, 0.0, 0.0, 0.0, 0.0, 0.0, 0.0, 0.0, 0.0, 0.0]
