local cost:
avg = [0.006029953349999947, 0.005387097399999972, 0.005147466299999979, 0.004785714899999989, 0.004801843899999985, 0.004817972909999987, 0.004718894589999989, 0.004716590429999989, 0.004730415299999988, 0.004769585699999988, 0.004751152549999989, 0.004769585729999987, 0.004751152539999989, 0.00479262716999999, 0.004778802279999989, 0.0047211986199999926, 0.0047211986199999926, 0.004688940549999994, 0.004663594909999997, 0.004658986619999997, 0.004661290759999997, 0.004658986589999998, 0.004658986589999998, 0.004658986589999998, 0.004661290759999997, 0.004661290759999997, 0.004758064909999998, 0.004758064909999998, 0.004758064909999998, 0.004746544159999998, 0.004746544159999998, 0.004767281449999998, 0.0047718897599999975, 0.0047741938999999985, 0.0047741938999999985, 0.004762673149999997, 0.004762673149999997, 0.004762673149999997, 0.004762673149999997, 0.004762673149999997, 0.004762673149999997, 0.004762673149999997, 0.004762673149999997, 0.004762673149999997, 0.004762673149999997, 0.004762673149999997, 0.004762673149999997, 0.004762673149999997, 0.004762673149999997, 0.004764977289999996]
std = [0.0, 0.0, 0.0, 0.0, 0.0, 0.0, 0.0, 0.0, 0.0, 0.0, 0.0, 0.0, 0.0, 0.0, 0.0, 0.0, 0.0, 0.0, 0.0, 0.0, 0.0, 0.0, 0.0, 0.0, 0.0, 0.0, 0.0, 0.0, 0.0, 0.0, 0.0, 0.0, 0.0, 0.0, 0.0, 0.0, 0.0, 0.0, 0.0, 0.0, 0.0, 0.0, 0.0, 0.0, 0.0, 0.0, 0.0, 0.0, 0.0, 0.0]
