global cost:
avg = [9.059363098570214, 5.514703105983965, 3.1654695970471094, 2.341818800762087, 2.017934526127086, 1.7438841465774613, 1.5696535697584146, 1.4322853050404154, 1.2962666293691891, 1.2309990742514434, 1.1531659509795775, 1.0982169049383856, 1.0600028978678895, 0.9999474002577023, 0.9578207433951376, 0.9137539875009518, 0.8554844043983124, 0.8246160223173999, 0.7992211651730131, 0.7729924692119886, 0.7595385446160163, 0.7458419698946855, 0.7318891223097621, 0.7176650546420128, 0.7031533075747369, 0.7031533075747368, 0.7031533075747368, 0.7031533075747368, 0.7031533075747368, 0.7031533075747368, 0.7031533075747368, 0.7031533075747368, 0.7031533075747368, 0.7031533075747368, 0.7031533075747368, 0.7031533075747368, 0.6883356864584762, 0.6883356864584762, 0.6883356864584762, 0.6883356864584762, 0.6883356864584762, 0.6883356864584762, 0.6883356864584762, 0.6883356864584762, 0.6883356864584762, 0.6883356864584762, 0.6883356864584762, 0.6883356864584762, 0.6883356864584762, 0.6883356864584762]
std = [0.0, 0.0, 0.0, 0.0, 0.0, 0.0, 0.0, 0.0, 0.0, 0.0, 0.0, 0.0, 0.0, 0.0, 0.0, 0.0, 0.0, 0.0, 0.0, 0.0, 0.0, 0.0, 0.0, 0.0, 0.0, 0.0, 0.0, 0.0, 0.0, 0.0, 0.0, 0.0, 0.0, 0.0, 0.0, 0.0, 0.0, 0.0, 0.0, 0.0, 0.0, 0.0, 0.0, 0.0, 0.0, 0.0, 0.0, 0.0, 0.0, 0.0]
