local cost:
avg = [0.006029953349999947, 0.005421659639999966, 0.0051428580199999775, 0.0048571434899999846, 0.004790323189999986, 0.005020737469999975, 0.005025345789999974, 0.005145161399999963, 0.005147465549999968, 0.005142857249999966, 0.00511290337999997, 0.00511059922999997, 0.005092166069999972, 0.005089861909999977, 0.005138248959999968, 0.005133640659999965, 0.005152073849999965, 0.005191244279999965, 0.0050414749699999655, 0.005039170829999965, 0.005002304419999965, 0.004997696119999965, 0.004997696119999965, 0.004986175369999965, 0.005082949519999966, 0.005112903469999966, 0.005112903469999966, 0.005105991029999966, 0.005105991029999966, 0.005105991029999966, 0.005105991029999966, 0.005105991029999966, 0.005105991029999966, 0.005105991029999966, 0.005105991029999966, 0.005105991029999966, 0.005179723739999964, 0.005172811299999963, 0.005172811299999963, 0.005172811299999963, 0.005172811299999963, 0.005172811299999963, 0.005172811299999963, 0.005172811299999963, 0.005142857349999963, 0.005149769789999963, 0.005149769789999963, 0.005149769789999963, 0.005052995639999962, 0.005052995639999962]
std = [0.0, 0.0, 0.0, 0.0, 0.0, 0.0, 0.0, 0.0, 0.0, 0.0, 0.0, 0.0, 0.0, 0.0, 0.0, 0.0, 0.0, 0.0, 0.0, 0.0, 0.0, 0.0, 0.0, 0.0, 0.0, 0.0, 0.0, 0.0, 0.0, 0.0, 0.0, 0.0, 0.0, 0.0, 0.0, 0.0, 0.0, 0.0, 0.0, 0.0, 0.0, 0.0, 0.0, 0.0, 0.0, 0.0, 0.0, 0.0, 0.0, 0.0]
