global cost:
avg = [9.059363098570214, 5.581596401423727, 3.2426907238671916, 2.3549885277227722, 2.025505368206588, 1.8048022528497236, 1.6116815310285246, 1.4500593079711275, 1.3544854224096703, 1.2761054785988475, 1.1925852696975945, 1.12129887714714, 1.079279044960285, 1.0304127684502122, 0.9791106627343386, 0.9360467205625754, 0.9024011264248617, 0.8674515103853163, 0.8433475022004302, 0.8310333644124485, 0.8058407655142619, 0.792944375516707, 0.7665009258060416, 0.7665009258060416, 0.7665009258060415, 0.752931014476418, 0.7529310144764179, 0.7529310144764179, 0.7391120049488149, 0.7391120049488148, 0.7250296539855635, 0.7106683069177878, 0.7106683069177878, 0.7106683069177878, 0.6960106937083396, 0.6960106937083396, 0.6960106937083396, 0.6960106937083396, 0.6960106937083396, 0.6960106937083396, 0.6960106937083396, 0.6960106937083396, 0.6960106937083396, 0.6960106937083396, 0.6960106937083396, 0.6960106937083396, 0.6960106937083396, 0.6960106937083396, 0.6960106937083396, 0.6960106937083396]
std = [0.0, 0.0, 0.0, 0.0, 0.0, 0.0, 0.0, 0.0, 0.0, 0.0, 0.0, 0.0, 0.0, 0.0, 0.0, 0.0, 0.0, 0.0, 0.0, 0.0, 0.0, 0.0, 0.0, 0.0, 0.0, 0.0, 0.0, 0.0, 0.0, 0.0, 0.0, 0.0, 0.0, 0.0, 0.0, 0.0, 0.0, 0.0, 0.0, 0.0, 0.0, 0.0, 0.0, 0.0, 0.0, 0.0, 0.0, 0.0, 0.0, 0.0]
