local cost:
avg = [0.006029953349999947, 0.005389401549999971, 0.005145162159999978, 0.004776498319999991, 0.004788019029999987, 0.004739631829999988, 0.004748848439999988, 0.004721198719999988, 0.004718894569999989, 0.004732719509999987, 0.004725807009999988, 0.004838710319999982, 0.004792627319999984, 0.004792627309999984, 0.004792627249999986, 0.004778802319999986, 0.004811060399999987, 0.004788018879999989, 0.004806452119999988, 0.00477188996999999, 0.004811060479999988, 0.004804148069999989, 0.004811060509999988, 0.004811060509999988, 0.004811060509999988, 0.004806452219999988, 0.004718894519999992, 0.004718894519999992, 0.004716590379999991, 0.00475115263999999, 0.00474884848999999, 0.00474654434999999, 0.00474193609999999, 0.00474193609999999, 0.0048018439499999885, 0.0048018439499999885, 0.0048018439499999885, 0.0048018439499999885, 0.0048018439499999885, 0.0048018439499999885, 0.004797235649999989, 0.00481106049999999, 0.00481106049999999, 0.00480414805999999, 0.00480414805999999, 0.00480414805999999, 0.004797235649999989, 0.004797235649999989, 0.004797235649999989, 0.004797235649999989]
std = [0.0, 0.0, 0.0, 0.0, 0.0, 0.0, 0.0, 0.0, 0.0, 0.0, 0.0, 0.0, 0.0, 0.0, 0.0, 0.0, 0.0, 0.0, 0.0, 0.0, 0.0, 0.0, 0.0, 0.0, 0.0, 0.0, 0.0, 0.0, 0.0, 0.0, 0.0, 0.0, 0.0, 0.0, 0.0, 0.0, 0.0, 0.0, 0.0, 0.0, 0.0, 0.0, 0.0, 0.0, 0.0, 0.0, 0.0, 0.0, 0.0, 0.0]
