global cost:
avg = [9.059363098570214, 5.52030850743437, 3.188185638688062, 2.337412402401799, 2.0558169511996667, 1.8161905971823276, 1.683729892136471, 1.5696535697584146, 1.4678330894689184, 1.3734965385564202, 1.3041954344028313, 1.2225956666481688, 1.1796810503698554, 1.1212988771471402, 1.0647064532937007, 1.0049320830180841, 0.9630235016212958, 0.9303540157229662, 0.8964947989078108, 0.8731928830829383, 0.8613055522668265, 0.8492518458411689, 0.8370245760810141, 0.8246160223173999, 0.8120178739175262, 0.7729924692119885, 0.7595385446160161, 0.7458419698946857, 0.7318891223097622, 0.7176650546420128, 0.7031533075747369, 0.6883356864584762, 0.6883356864584762, 0.6883356864584762, 0.6731919938258556, 0.6731919938258556, 0.6731919938258556, 0.6731919938258556, 0.6731919938258556, 0.6731919938258556, 0.6731919938258556, 0.6731919938258556, 0.6731919938258556, 0.6731919938258556, 0.6731919938258556, 0.6731919938258556, 0.6731919938258556, 0.6731919938258556, 0.6731919938258556, 0.6731919938258556]
std = [0.0, 0.0, 0.0, 0.0, 0.0, 0.0, 0.0, 0.0, 0.0, 0.0, 0.0, 0.0, 0.0, 0.0, 0.0, 0.0, 0.0, 0.0, 0.0, 0.0, 0.0, 0.0, 0.0, 0.0, 0.0, 0.0, 0.0, 0.0, 0.0, 0.0, 0.0, 0.0, 0.0, 0.0, 0.0, 0.0, 0.0, 0.0, 0.0, 0.0, 0.0, 0.0, 0.0, 0.0, 0.0, 0.0, 0.0, 0.0, 0.0, 0.0]
