local cost:
avg = [0.006029953349999947, 0.005391705689999972, 0.0051428580199999775, 0.0047949314899999864, 0.004688940679999988, 0.004702765539999985, 0.004647466039999991, 0.00464285776999999, 0.00464977020999999, 0.004645161929999991, 0.004665899239999991, 0.0046497702299999905, 0.004661290979999988, 0.004518434099999988, 0.004523042459999989, 0.00451843414999999, 0.004536867269999992, 0.004546083859999994, 0.004589862599999991, 0.004582950159999991, 0.004582950159999991, 0.004582950159999991, 0.004562212809999993, 0.004543779629999994, 0.004548387949999994, 0.004548387949999994, 0.004635945519999993, 0.004622120639999994, 0.004626728939999994, 0.004605991539999997, 0.004617512269999998, 0.004564516919999997, 0.004564516919999997, 0.0045622127699999964, 0.0045760376199999965, 0.0045760376199999965, 0.0045760376199999965, 0.0045760376199999965, 0.004582950059999997, 0.004566821009999998, 0.004566821009999998, 0.004566821009999998, 0.004566821009999998, 0.004569125149999999, 0.0045783416999999995, 0.004569125149999999, 0.004569125149999999, 0.0045783416999999995, 0.004569125149999999, 0.004569125149999999]
std = [0.0, 0.0, 0.0, 0.0, 0.0, 0.0, 0.0, 0.0, 0.0, 0.0, 0.0, 0.0, 0.0, 0.0, 0.0, 0.0, 0.0, 0.0, 0.0, 0.0, 0.0, 0.0, 0.0, 0.0, 0.0, 0.0, 0.0, 0.0, 0.0, 0.0, 0.0, 0.0, 0.0, 0.0, 0.0, 0.0, 0.0, 0.0, 0.0, 0.0, 0.0, 0.0, 0.0, 0.0, 0.0, 0.0, 0.0, 0.0, 0.0, 0.0]
