global cost:
avg = [9.059363098570214, 5.5668006911311325, 3.1491435321884635, 2.306331901959154, 1.9477716583289968, 1.7290722141222108, 1.611812068552006, 1.4214846311870666, 1.3002775278703143, 1.2268474392422466, 1.1665439307064442, 1.0935612871073088, 1.0551786871689885, 1.0254493608913984, 0.994832006747614, 0.9305801316615883, 0.8967294527003149, 0.8851582653058012, 0.8615497903412858, 0.8248711239545367, 0.8122769321068952, 0.8122769321068952, 0.7864837576396145, 0.773264601756667, 0.75981549578096, 0.75981549578096, 0.75981549578096, 0.75981549578096, 0.75981549578096, 0.75981549578096, 0.75981549578096, 0.75981549578096, 0.75981549578096, 0.75981549578096, 0.75981549578096, 0.75981549578096, 0.7321765321469981, 0.7321765321469981, 0.7321765321469981, 0.7321765321469981, 0.7321765321469981, 0.7321765321469981, 0.7321765321469981, 0.7321765321469981, 0.7321765321469981, 0.7321765321469981, 0.7321765321469981, 0.7321765321469981, 0.7321765321469981, 0.7321765321469981]
std = [0.0, 0.0, 0.0, 0.0, 0.0, 0.0, 0.0, 0.0, 0.0, 0.0, 0.0, 0.0, 0.0, 0.0, 0.0, 0.0, 0.0, 0.0, 0.0, 0.0, 0.0, 0.0, 0.0, 0.0, 0.0, 0.0, 0.0, 0.0, 0.0, 0.0, 0.0, 0.0, 0.0, 0.0, 0.0, 0.0, 0.0, 0.0, 0.0, 0.0, 0.0, 0.0, 0.0, 0.0, 0.0, 0.0, 0.0, 0.0, 0.0, 0.0]
