local cost:
avg = [0.006029953349999947, 0.0053940098399999714, 0.0051428580199999775, 0.004979263209999986, 0.004859447409999992, 0.004864055659999993, 0.0048594474299999925, 0.004783410649999992, 0.004838710129999992, 0.004811060329999992, 0.004813364529999992, 0.004820276959999992, 0.0048133645199999915, 0.004811060379999992, 0.004822581099999992, 0.004836406029999991, 0.004847926729999992, 0.004847926729999992, 0.004813364539999992, 0.004801843809999992, 0.00473732776999999, 0.00475345682999999, 0.004725807039999992, 0.0047995397099999905, 0.004797235569999991, 0.004797235569999991, 0.004792627279999991, 0.004792627279999991, 0.004792627279999991, 0.004792627279999991, 0.004792627279999991, 0.004792627279999991, 0.004792627279999991, 0.004792627279999991, 0.004799539729999991, 0.004799539729999991, 0.004788019019999994, 0.004788019019999994, 0.004811060469999994, 0.004811060469999994, 0.004811060469999994, 0.004811060469999994, 0.004811060469999994, 0.004811060469999994, 0.004811060469999994, 0.004811060469999994, 0.004811060469999994, 0.004811060469999994, 0.004811060469999994, 0.004811060469999994]
std = [0.0, 0.0, 0.0, 0.0, 0.0, 0.0, 0.0, 0.0, 0.0, 0.0, 0.0, 0.0, 0.0, 0.0, 0.0, 0.0, 0.0, 0.0, 0.0, 0.0, 0.0, 0.0, 0.0, 0.0, 0.0, 0.0, 0.0, 0.0, 0.0, 0.0, 0.0, 0.0, 0.0, 0.0, 0.0, 0.0, 0.0, 0.0, 0.0, 0.0, 0.0, 0.0, 0.0, 0.0, 0.0, 0.0, 0.0, 0.0, 0.0, 0.0]
