global cost:
avg = [9.059363098570214, 5.5779011532102505, 3.296294676537863, 2.319703108610588, 1.9947332293887121, 1.7819252879845335, 1.5989687398219625, 1.478366331566462, 1.3995581040449654, 1.284322598135871, 1.1927616745901648, 1.13972324367144, 1.0840930458031557, 1.0453628581285253, 1.0051414220648334, 0.9791106627343386, 0.9469963145530097, 0.9303540157229662, 0.884920543194543, 0.8246160223173999, 0.7992211651730132, 0.7729924692119886, 0.7595385446160163, 0.7595385446160162, 0.7458419698946857, 0.7318891223097624, 0.717665054642013, 0.717665054642013, 0.717665054642013, 0.717665054642013, 0.717665054642013, 0.717665054642013, 0.717665054642013, 0.717665054642013, 0.717665054642013, 0.717665054642013, 0.717665054642013, 0.717665054642013, 0.717665054642013, 0.717665054642013, 0.717665054642013, 0.717665054642013, 0.717665054642013, 0.717665054642013, 0.717665054642013, 0.717665054642013, 0.717665054642013, 0.717665054642013, 0.717665054642013, 0.717665054642013]
std = [0.0, 0.0, 0.0, 0.0, 0.0, 0.0, 0.0, 0.0, 0.0, 0.0, 0.0, 0.0, 0.0, 0.0, 0.0, 0.0, 0.0, 0.0, 0.0, 0.0, 0.0, 0.0, 0.0, 0.0, 0.0, 0.0, 0.0, 0.0, 0.0, 0.0, 0.0, 0.0, 0.0, 0.0, 0.0, 0.0, 0.0, 0.0, 0.0, 0.0, 0.0, 0.0, 0.0, 0.0, 0.0, 0.0, 0.0, 0.0, 0.0, 0.0]
