local cost:
avg = [0.006029953349999947, 0.005391705689999972, 0.005152074559999978, 0.004682028239999994, 0.00469354893999999, 0.004698157219999989, 0.004573733239999995, 0.004668202919999993, 0.004709677609999993, 0.004705069339999993, 0.004698156879999993, 0.004714285839999992, 0.004723502369999993, 0.004880183979999987, 0.004834100959999987, 0.004815667739999986, 0.004817971879999987, 0.004677419189999986, 0.004677419189999986, 0.004652073559999985, 0.004679723319999988, 0.004705068939999987, 0.004698156499999987, 0.004688939949999987, 0.004684331649999988, 0.004838709949999988, 0.004838709949999988, 0.004707373099999987, 0.004705068959999987, 0.004705068959999987, 0.004705068959999987, 0.004705068959999987, 0.004705068959999987, 0.004709677249999987, 0.004709677249999987, 0.004709677249999987, 0.004705068959999987, 0.004705068959999987, 0.004705068959999987, 0.004705068959999987, 0.004705068959999987, 0.004705068959999987, 0.004705068959999987, 0.004705068959999987, 0.004705068959999987, 0.004705068959999987, 0.004705068959999987, 0.004705068959999987, 0.004705068959999987, 0.004705068959999987]
std = [0.0, 0.0, 0.0, 0.0, 0.0, 0.0, 0.0, 0.0, 0.0, 0.0, 0.0, 0.0, 0.0, 0.0, 0.0, 0.0, 0.0, 0.0, 0.0, 0.0, 0.0, 0.0, 0.0, 0.0, 0.0, 0.0, 0.0, 0.0, 0.0, 0.0, 0.0, 0.0, 0.0, 0.0, 0.0, 0.0, 0.0, 0.0, 0.0, 0.0, 0.0, 0.0, 0.0, 0.0, 0.0, 0.0, 0.0, 0.0, 0.0, 0.0]
