global cost:
avg = [9.059363098570214, 5.581596401423727, 3.2426907238671916, 2.385435151626027, 1.9895582674871548, 1.7991979885665323, 1.5398487005607262, 1.4105266835234358, 1.3199101653215843, 1.2225956666481688, 1.1709094003810434, 1.12129887714714, 1.083898955201689, 1.0151389304819791, 0.99462049786742, 0.9413698270461403, 0.9079215170761114, 0.8731928830829384, 0.8370245760810141, 0.837024576081014, 0.8120178739175259, 0.7992211651730127, 0.7992211651730127, 0.7992211651730127, 0.7862162006467923, 0.7862162006467922, 0.7862162006467922, 0.7862162006467922, 0.7862162006467922, 0.7862162006467922, 0.7862162006467922, 0.7862162006467922, 0.7862162006467922, 0.7862162006467922, 0.7862162006467922, 0.7862162006467922, 0.7862162006467922, 0.7862162006467922, 0.7862162006467922, 0.7862162006467922, 0.7862162006467922, 0.7862162006467922, 0.7862162006467922, 0.7862162006467922, 0.7862162006467922, 0.7862162006467922, 0.7862162006467922, 0.7862162006467922, 0.7862162006467922, 0.7862162006467922]
std = [0.0, 0.0, 0.0, 0.0, 0.0, 0.0, 0.0, 0.0, 0.0, 0.0, 0.0, 0.0, 0.0, 0.0, 0.0, 0.0, 0.0, 0.0, 0.0, 0.0, 0.0, 0.0, 0.0, 0.0, 0.0, 0.0, 0.0, 0.0, 0.0, 0.0, 0.0, 0.0, 0.0, 0.0, 0.0, 0.0, 0.0, 0.0, 0.0, 0.0, 0.0, 0.0, 0.0, 0.0, 0.0, 0.0, 0.0, 0.0, 0.0, 0.0]
