local cost:
avg = [0.006029953349999947, 0.005359447639999975, 0.0051105999599999775, 0.00477419416999999, 0.004790323169999986, 0.00472350284999999, 0.0047165904199999885, 0.004698157259999988, 0.00468894064999999, 0.004783410589999993, 0.004746544319999992, 0.004603687469999992, 0.004629033139999993, 0.004608295819999994, 0.004622120719999996, 0.004691245119999993, 0.004709678239999991, 0.004682028439999992, 0.004675116029999992, 0.004684332579999992, 0.004693549129999992, 0.004693549129999992, 0.004684332579999992, 0.0046912449899999915, 0.004698157399999991, 0.004698157399999991, 0.004698157399999991, 0.004698157399999991, 0.004698157399999991, 0.004698157399999991, 0.004698157399999991, 0.004698157399999991, 0.004698157399999991, 0.004698157399999991, 0.004698157399999991, 0.004698157399999991, 0.004698157399999991, 0.004698157399999991, 0.004702765689999991, 0.004702765689999991, 0.004702765689999991, 0.004702765689999991, 0.004702765689999991, 0.004702765689999991, 0.004702765689999991, 0.004702765689999991, 0.004698157399999991, 0.004698157399999991, 0.004698157399999991, 0.004698157399999991]
std = [0.0, 0.0, 0.0, 0.0, 0.0, 0.0, 0.0, 0.0, 0.0, 0.0, 0.0, 0.0, 0.0, 0.0, 0.0, 0.0, 0.0, 0.0, 0.0, 0.0, 0.0, 0.0, 0.0, 0.0, 0.0, 0.0, 0.0, 0.0, 0.0, 0.0, 0.0, 0.0, 0.0, 0.0, 0.0, 0.0, 0.0, 0.0, 0.0, 0.0, 0.0, 0.0, 0.0, 0.0, 0.0, 0.0, 0.0, 0.0, 0.0, 0.0]
