global cost:
avg = [9.059363098570214, 5.587134691278652, 3.2617103597438746, 2.3063319019591546, 1.952949616047294, 1.7468675942247531, 1.559804375786159, 1.4572959000169408, 1.3546407444011688, 1.2268474392422466, 1.13972324367144, 1.0935612871073088, 1.0453628581285253, 0.994832006747614, 0.9632419486019034, 0.9194350573815793, 0.8851582653058012, 0.8734337971123766, 0.8372758970823485, 0.8248711239545367, 0.8122769321068952, 0.7994843699109813, 0.7994843699109813, 0.773264601756667, 0.773264601756667, 0.773264601756667, 0.75981549578096, 0.75981549578096, 0.75981549578096, 0.75981549578096, 0.75981549578096, 0.75981549578096, 0.75981549578096, 0.75981549578096, 0.75981549578096, 0.75981549578096, 0.75981549578096, 0.75981549578096, 0.7529310144764182, 0.7391120049488149, 0.7250296539855637, 0.717958158617738, 0.6960106937083398, 0.6960106937083397, 0.6960106937083397, 0.6960106937083397, 0.6960106937083397, 0.6960106937083397, 0.6960106937083397, 0.6960106937083397]
std = [0.0, 0.0, 0.0, 0.0, 0.0, 0.0, 0.0, 0.0, 0.0, 0.0, 0.0, 0.0, 0.0, 0.0, 0.0, 0.0, 0.0, 0.0, 0.0, 0.0, 0.0, 0.0, 0.0, 0.0, 0.0, 0.0, 0.0, 0.0, 0.0, 0.0, 0.0, 0.0, 0.0, 0.0, 0.0, 0.0, 0.0, 0.0, 0.0, 0.0, 0.0, 0.0, 0.0, 0.0, 0.0, 0.0, 0.0, 0.0, 0.0, 0.0]
