local cost:
avg = [0.006029953349999947, 0.005391705689999972, 0.005147466299999979, 0.0047741941699999905, 0.004788019019999987, 0.004861751779999981, 0.004764977539999986, 0.00473963191999999, 0.0047764982799999925, 0.004815668739999994, 0.004783410729999996, 0.004808756319999994, 0.004808756259999997, 0.0048133645599999966, 0.004820276969999995, 0.004850230889999994, 0.0048525349999999955, 0.004845622589999995, 0.004854839169999995, 0.004850230899999995, 0.004852535039999996, 0.004831797749999997, 0.004831797749999997, 0.0048294935999999965, 0.0048294935999999965, 0.0048294935999999965, 0.004834101889999995, 0.004834101889999995, 0.004836406029999995, 0.004836406029999995, 0.004836406029999995, 0.004836406029999995, 0.004836406029999995, 0.004836406029999995, 0.004836406029999995, 0.0048294935899999974, 0.0048294935899999974, 0.004822581179999998, 0.0046797243299999975, 0.004663595309999997, 0.004668203609999993, 0.004684332649999995, 0.004709678309999992, 0.004725807289999993, 0.004725807289999993, 0.004629033139999993, 0.004635945579999993, 0.0046267290299999925, 0.0046267290299999925, 0.0046267290299999925]
std = [0.0, 0.0, 0.0, 0.0, 0.0, 0.0, 0.0, 0.0, 0.0, 0.0, 0.0, 0.0, 0.0, 0.0, 0.0, 0.0, 0.0, 0.0, 0.0, 0.0, 0.0, 0.0, 0.0, 0.0, 0.0, 0.0, 0.0, 0.0, 0.0, 0.0, 0.0, 0.0, 0.0, 0.0, 0.0, 0.0, 0.0, 0.0, 0.0, 0.0, 0.0, 0.0, 0.0, 0.0, 0.0, 0.0, 0.0, 0.0, 0.0, 0.0]
