global cost:
avg = [9.059363098570214, 5.516572205985363, 3.175224943202085, 2.3418188007620873, 1.9791677509307866, 1.7289505298816497, 1.5662654502194804, 1.4642093805312706, 1.3544854224096703, 1.218242708003121, 1.1574909929220014, 1.0743455628364098, 1.03525077231662, 1.0049320830180841, 0.9791106627343384, 0.9578207433951375, 0.9360467205625754, 0.9249675163890465, 0.9137539875009522, 0.9137539875009519, 0.9024011264248616, 0.8792557532201863, 0.8554844043983124, 0.818533992003779, 0.8058407655142618, 0.792944375516707, 0.7929443755167069, 0.7929443755167069, 0.7929443755167069, 0.7929443755167069, 0.7929443755167069, 0.7929443755167069, 0.7929443755167069, 0.7929443755167069, 0.7929443755167069, 0.7929443755167069, 0.7929443755167069, 0.7798347427260147, 0.7798347427260147, 0.7798347427260147, 0.7798347427260147, 0.7798347427260147, 0.7798347427260147, 0.7798347427260147, 0.7798347427260146, 0.7798347427260145, 0.7798347427260145, 0.7798347427260145, 0.7798347427260145, 0.7798347427260145]
std = [0.0, 0.0, 0.0, 0.0, 0.0, 0.0, 0.0, 0.0, 0.0, 0.0, 0.0, 0.0, 0.0, 0.0, 0.0, 0.0, 0.0, 0.0, 0.0, 0.0, 0.0, 0.0, 0.0, 0.0, 0.0, 0.0, 0.0, 0.0, 0.0, 0.0, 0.0, 0.0, 0.0, 0.0, 0.0, 0.0, 0.0, 0.0, 0.0, 0.0, 0.0, 0.0, 0.0, 0.0, 0.0, 0.0, 0.0, 0.0, 0.0, 0.0]
