local cost:
avg = [0.006029953349999947, 0.005435484529999965, 0.005184332709999979, 0.004838710299999991, 0.004755760959999994, 0.004811060459999989, 0.004838710219999989, 0.004753456819999989, 0.004774194109999989, 0.0047672816599999895, 0.0047672816599999895, 0.0047235029099999895, 0.00468894070999999, 0.004776498309999991, 0.004737327839999993, 0.0047811065799999945, 0.004776498289999994, 0.004679724139999993, 0.004642857729999993, 0.0047649775299999945, 0.004758065089999994, 0.0047626733899999935, 0.004714286329999994, 0.004741936129999995, 0.0047511526799999945, 0.0047511526799999945, 0.004760369289999994, 0.004760369289999994, 0.004764977589999993, 0.004764977589999993, 0.004764977589999993, 0.004764977589999993, 0.004764977589999993, 0.004764977589999993, 0.004764977589999993, 0.004764977589999993, 0.004668203439999993, 0.004661290969999993, 0.004751152679999993, 0.004751152679999993, 0.004751152679999993, 0.004668203419999993, 0.004668203419999993, 0.004656682669999993, 0.004658986809999993, 0.004658986809999993, 0.004658986809999993, 0.004658986809999993, 0.004622120399999993, 0.004622120399999993]
std = [0.0, 0.0, 0.0, 0.0, 0.0, 0.0, 0.0, 0.0, 0.0, 0.0, 0.0, 0.0, 0.0, 0.0, 0.0, 0.0, 0.0, 0.0, 0.0, 0.0, 0.0, 0.0, 0.0, 0.0, 0.0, 0.0, 0.0, 0.0, 0.0, 0.0, 0.0, 0.0, 0.0, 0.0, 0.0, 0.0, 0.0, 0.0, 0.0, 0.0, 0.0, 0.0, 0.0, 0.0, 0.0, 0.0, 0.0, 0.0, 0.0, 0.0]
