global cost:
avg = [9.059363098570214, 5.579749083219179, 3.1784700716907364, 2.350606817186754, 1.8885416390450336, 1.6682578840718019, 1.5530455071082654, 1.492107012529561, 1.3771297795136797, 1.2598444662369763, 1.2097506928709512, 1.093368877272599, 1.0252441684209315, 0.9630235016212956, 0.907921517076111, 0.884920543194543, 0.8731928830829384, 0.8370245760810141, 0.8246160223173999, 0.8120178739175262, 0.7992211651730131, 0.7992211651730131, 0.7862162006467928, 0.7862162006467928, 0.7729924692119885, 0.7729924692119885, 0.7729924692119885, 0.7595385446160163, 0.7595385446160162, 0.7595385446160162, 0.7595385446160162, 0.7595385446160162, 0.7595385446160162, 0.7595385446160162, 0.7458419698946858, 0.7391120049488149, 0.7250296539855635, 0.7106683069177879, 0.7106683069177878, 0.7106683069177878, 0.7106683069177878, 0.7106683069177878, 0.7106683069177878, 0.7106683069177878, 0.7106683069177878, 0.7106683069177878, 0.7106683069177878, 0.7106683069177878, 0.7106683069177878, 0.7106683069177877]
std = [0.0, 0.0, 0.0, 0.0, 0.0, 0.0, 0.0, 0.0, 0.0, 0.0, 0.0, 0.0, 0.0, 0.0, 0.0, 0.0, 0.0, 0.0, 0.0, 0.0, 0.0, 0.0, 0.0, 0.0, 0.0, 0.0, 0.0, 0.0, 0.0, 0.0, 0.0, 0.0, 0.0, 0.0, 0.0, 0.0, 0.0, 0.0, 0.0, 0.0, 0.0, 0.0, 0.0, 0.0, 0.0, 0.0, 0.0, 0.0, 0.0, 0.0]
