local cost:
avg = [0.006029953349999947, 0.005391705689999972, 0.005147466289999979, 0.004845622729999987, 0.00477188995999999, 0.004794931419999989, 0.004797235579999989, 0.004790323239999987, 0.004801843949999987, 0.004776498329999986, 0.004778802469999986, 0.004785714819999986, 0.004783410669999988, 0.004751152599999989, 0.004746544309999989, 0.004744240199999991, 0.004744240199999988, 0.004746544319999989, 0.004755760899999991, 0.0047511526199999895, 0.00476958576999999, 0.00477419407999999, 0.004776498219999991, 0.004781106409999991, 0.004797235409999989, 0.004785714709999989, 0.004781106409999989, 0.004751152469999991, 0.004751152469999991, 0.004751152469999991, 0.004751152469999991, 0.004751152469999991, 0.004751152469999991, 0.004751152469999991, 0.004758064909999992, 0.004755760769999991, 0.00488248933999999, 0.004875576879999991, 0.00474193588999999, 0.00474193588999999, 0.00474193588999999, 0.00474193588999999, 0.00474193588999999, 0.00474654417999999, 0.00474654417999999, 0.004748848319999991, 0.004748848319999991, 0.004748848319999991, 0.004748848319999991, 0.004748848319999991]
std = [0.0, 0.0, 0.0, 0.0, 0.0, 0.0, 0.0, 0.0, 0.0, 0.0, 0.0, 0.0, 0.0, 0.0, 0.0, 0.0, 0.0, 0.0, 0.0, 0.0, 0.0, 0.0, 0.0, 0.0, 0.0, 0.0, 0.0, 0.0, 0.0, 0.0, 0.0, 0.0, 0.0, 0.0, 0.0, 0.0, 0.0, 0.0, 0.0, 0.0, 0.0, 0.0, 0.0, 0.0, 0.0, 0.0, 0.0, 0.0, 0.0, 0.0]
