global cost:
avg = [9.059363098570214, 5.625750061032843, 3.239509928052899, 2.4409715483238412, 1.9998948005154054, 1.8218580740536654, 1.6621933094373063, 1.5128317136464429, 1.377282547807401, 1.276270339458472, 1.2352219217113534, 1.1840869291019571, 1.1487330537883809, 1.112255996640097, 1.0551786871689885, 1.0051414220648334, 0.9738858291644984, 0.9305801316615883, 0.9081532183729996, 0.8851582653058012, 0.8372758970823485, 0.8372758970823485, 0.8372758970823485, 0.7994843699109813, 0.75981549578096, 0.7461240050607104, 0.7321765321469981, 0.7321765321469981, 0.7321765321469981, 0.7321765321469981, 0.7321765321469981, 0.7321765321469981, 0.7321765321469981, 0.7321765321469981, 0.7321765321469981, 0.7321765321469981, 0.7250296539855637, 0.7250296539855637, 0.7250296539855637, 0.7250296539855637, 0.7250296539855637, 0.7250296539855637, 0.7106683069177879, 0.7106683069177879, 0.7106683069177879, 0.7106683069177879, 0.7106683069177879, 0.7106683069177879, 0.7106683069177879, 0.7106683069177879]
std = [0.0, 0.0, 0.0, 0.0, 0.0, 0.0, 0.0, 0.0, 0.0, 0.0, 0.0, 0.0, 0.0, 0.0, 0.0, 0.0, 0.0, 0.0, 0.0, 0.0, 0.0, 0.0, 0.0, 0.0, 0.0, 0.0, 0.0, 0.0, 0.0, 0.0, 0.0, 0.0, 0.0, 0.0, 0.0, 0.0, 0.0, 0.0, 0.0, 0.0, 0.0, 0.0, 0.0, 0.0, 0.0, 0.0, 0.0, 0.0, 0.0, 0.0]
