local cost:
avg = [0.006029953349999947, 0.005389401549999971, 0.005138249729999977, 0.005039171539999976, 0.005039171429999979, 0.0050483879699999784, 0.004993088379999982, 0.005018434069999979, 0.005016129889999979, 0.00501382573999998, 0.00498617601999998, 0.004864056269999979, 0.004912443329999978, 0.004868664549999981, 0.004861752139999982, 0.004866360519999978, 0.00485023151999998, 0.004836406609999978, 0.00484101487999998, 0.004827189979999981, 0.004822581689999982, 0.004822581689999982, 0.004822581689999982, 0.004889401889999979, 0.004900922589999979, 0.0048986184499999795, 0.0048986184499999795, 0.0048986184499999795, 0.0048986184499999795, 0.0048986184499999795, 0.0048986184499999795, 0.0048986184499999795, 0.0048986184499999795, 0.0048986184499999795, 0.0048986184499999795, 0.0048963143099999785, 0.004753457459999978, 0.004753457459999978, 0.004767282309999978, 0.004767282309999978, 0.004767282309999978, 0.004767282309999978, 0.004762674009999978, 0.004762674009999978, 0.004762674009999978, 0.004762674009999978, 0.004762674009999978, 0.004762674009999978, 0.004762674009999978, 0.004762674009999978]
std = [0.0, 0.0, 0.0, 0.0, 0.0, 0.0, 0.0, 0.0, 0.0, 0.0, 0.0, 0.0, 0.0, 0.0, 0.0, 0.0, 0.0, 0.0, 0.0, 0.0, 0.0, 0.0, 0.0, 0.0, 0.0, 0.0, 0.0, 0.0, 0.0, 0.0, 0.0, 0.0, 0.0, 0.0, 0.0, 0.0, 0.0, 0.0, 0.0, 0.0, 0.0, 0.0, 0.0, 0.0, 0.0, 0.0, 0.0, 0.0, 0.0, 0.0]
