global cost:
avg = [9.059363098570214, 5.553822110751373, 3.178470071690736, 2.3983653876580564, 2.110257676339842, 1.8218580740536654, 1.698875260657145, 1.5530455071082654, 1.4500593079711273, 1.3920213874166791, 1.2433708078066934, 1.1839092316553044, 1.0743455628364096, 1.0049320830180841, 0.94136982704614, 0.8964947989078107, 0.8731928830829384, 0.8613055522668265, 0.8492518458411686, 0.8310333644124485, 0.8058407655142618, 0.8058407655142618, 0.8058407655142618, 0.8058407655142618, 0.8058407655142618, 0.8058407655142618, 0.7665009258060416, 0.7529310144764179, 0.7250296539855636, 0.7250296539855636, 0.7250296539855636, 0.7250296539855636, 0.7250296539855636, 0.7250296539855636, 0.7250296539855636, 0.7250296539855636, 0.7250296539855636, 0.7250296539855636, 0.7250296539855636, 0.7250296539855636, 0.7250296539855636, 0.7250296539855636, 0.7250296539855636, 0.7250296539855636, 0.7250296539855636, 0.7250296539855636, 0.7250296539855636, 0.7250296539855636, 0.7250296539855636, 0.7250296539855636]
std = [0.0, 0.0, 0.0, 0.0, 0.0, 0.0, 0.0, 0.0, 0.0, 0.0, 0.0, 0.0, 0.0, 0.0, 0.0, 0.0, 0.0, 0.0, 0.0, 0.0, 0.0, 0.0, 0.0, 0.0, 0.0, 0.0, 0.0, 0.0, 0.0, 0.0, 0.0, 0.0, 0.0, 0.0, 0.0, 0.0, 0.0, 0.0, 0.0, 0.0, 0.0, 0.0, 0.0, 0.0, 0.0, 0.0, 0.0, 0.0, 0.0, 0.0]
