local cost:
avg = [0.006029953349999947, 0.0053940098299999715, 0.005112904049999979, 0.00473502363999999, 0.00474654431999999, 0.00478341067999999, 0.004806452119999988, 0.004785714779999992, 0.004806452149999986, 0.004824885279999989, 0.004764977329999991, 0.004774193939999991, 0.004852534919999988, 0.004845622499999987, 0.0047718897499999914, 0.004760368939999992, 0.004963133499999989, 0.004864055199999989, 0.004864055199999989, 0.004875575999999989, 0.00485253450999999, 0.00485253450999999, 0.00485253450999999, 0.00485253450999999, 0.00485253450999999, 0.00494009206999999, 0.004861751049999996, 0.004891704999999996, 0.004866359339999995, 0.004866359339999995, 0.004866359339999995, 0.004866359339999995, 0.004866359339999995, 0.004877880089999996, 0.004894009149999997, 0.004889400839999997, 0.004889400839999997, 0.004894009149999997, 0.004894009149999997, 0.004889400839999997, 0.004889400839999997, 0.004894009149999997, 0.004894009149999997, 0.004894009149999997, 0.004894009149999997, 0.004889400839999997, 0.004889400839999997, 0.004889400839999997, 0.004894009149999997, 0.004894009149999997]
std = [0.0, 0.0, 0.0, 0.0, 0.0, 0.0, 0.0, 0.0, 0.0, 0.0, 0.0, 0.0, 0.0, 0.0, 0.0, 0.0, 0.0, 0.0, 0.0, 0.0, 0.0, 0.0, 0.0, 0.0, 0.0, 0.0, 0.0, 0.0, 0.0, 0.0, 0.0, 0.0, 0.0, 0.0, 0.0, 0.0, 0.0, 0.0, 0.0, 0.0, 0.0, 0.0, 0.0, 0.0, 0.0, 0.0, 0.0, 0.0, 0.0, 0.0]
