global cost:
avg = [9.059363098570214, 5.579749083219179, 3.2171563028622163, 2.381109469535589, 1.9476636378282166, 1.6959314440967104, 1.5827347985235543, 1.4537182894693896, 1.3276977823361318, 1.2476360984718153, 1.197031534256215, 1.135145187672736, 1.0887891501991633, 1.0502321585189116, 1.0304127684502122, 0.9791106627343388, 0.9469963145530096, 0.907921517076111, 0.8731928830829385, 0.8492518458411689, 0.8246160223173999, 0.8120178739175263, 0.7992211651730131, 0.7992211651730131, 0.7992211651730131, 0.7862162006467929, 0.7595385446160162, 0.7595385446160162, 0.7595385446160161, 0.7595385446160161, 0.7595385446160161, 0.7595385446160161, 0.7595385446160161, 0.7595385446160161, 0.7595385446160161, 0.7595385446160161, 0.7595385446160161, 0.7595385446160161, 0.7595385446160161, 0.7595385446160161, 0.7595385446160161, 0.7458419698946857, 0.7318891223097623, 0.7318891223097622, 0.7318891223097622, 0.7318891223097622, 0.7176650546420129, 0.7176650546420128, 0.7031533075747368, 0.688335686458476]
std = [0.0, 0.0, 0.0, 0.0, 0.0, 0.0, 0.0, 0.0, 0.0, 0.0, 0.0, 0.0, 0.0, 0.0, 0.0, 0.0, 0.0, 0.0, 0.0, 0.0, 0.0, 0.0, 0.0, 0.0, 0.0, 0.0, 0.0, 0.0, 0.0, 0.0, 0.0, 0.0, 0.0, 0.0, 0.0, 0.0, 0.0, 0.0, 0.0, 0.0, 0.0, 0.0, 0.0, 0.0, 0.0, 0.0, 0.0, 0.0, 0.0, 0.0]
