local cost:
avg = [0.006029953349999947, 0.005391705689999972, 0.005145162169999977, 0.004868664229999985, 0.004889401519999984, 0.004859447559999986, 0.004873272419999987, 0.004963133809999981, 0.005027649849999981, 0.0051267281399999835, 0.00504147483999998, 0.005039170689999979, 0.005039170689999979, 0.005027649979999979, 0.004910138709999979, 0.004907834559999979, 0.004905530419999978, 0.004875576489999979, 0.004896313779999981, 0.00488479306999998, 0.00489400964999998, 0.004891705509999979, 0.00488479306999998, 0.00488479306999998, 0.00488479306999998, 0.004845622559999982, 0.004852534969999983, 0.004852534969999983, 0.004843318419999982, 0.004845622529999982, 0.004845622529999982, 0.004845622529999982, 0.004845622529999982, 0.004845622529999982, 0.004845622529999982, 0.004845622529999982, 0.0048364059799999816, 0.0048364059799999816, 0.004843318419999982, 0.004852534999999982, 0.004852534999999982, 0.004866359829999983, 0.004864055689999983, 0.004864055689999983, 0.004983871809999982, 0.004983871809999982, 0.0049930883899999825, 0.0049930883899999825, 0.004990784249999982, 0.004988480109999982]
std = [0.0, 0.0, 0.0, 0.0, 0.0, 0.0, 0.0, 0.0, 0.0, 0.0, 0.0, 0.0, 0.0, 0.0, 0.0, 0.0, 0.0, 0.0, 0.0, 0.0, 0.0, 0.0, 0.0, 0.0, 0.0, 0.0, 0.0, 0.0, 0.0, 0.0, 0.0, 0.0, 0.0, 0.0, 0.0, 0.0, 0.0, 0.0, 0.0, 0.0, 0.0, 0.0, 0.0, 0.0, 0.0, 0.0, 0.0, 0.0, 0.0, 0.0]
