global cost:
avg = [9.059363098570214, 5.581596401423727, 3.2426907238671916, 2.350606817186754, 1.9739519826032743, 1.7643642693571595, 1.5988371537015227, 1.4782240098976305, 1.3696232594850182, 1.3080211845815486, 1.2266759361395365, 1.1620715413431584, 1.0982169049383856, 1.0502321585189116, 0.9999474002577023, 0.9469963145530097, 0.9137539875009522, 0.8909036066106301, 0.8554844043983125, 0.8310333644124486, 0.818533992003779, 0.7929443755167073, 0.7929443755167073, 0.7929443755167072, 0.7665009258060418, 0.7665009258060418, 0.7529310144764182, 0.739112004948815, 0.7250296539855637, 0.7250296539855637, 0.7250296539855637, 0.7250296539855637, 0.7250296539855637, 0.7250296539855637, 0.7250296539855637, 0.7250296539855637, 0.7250296539855637, 0.7250296539855637, 0.710668306917788, 0.7106683069177879, 0.7106683069177879, 0.7106683069177879, 0.7106683069177879, 0.6960106937083398, 0.6960106937083398, 0.6960106937083398, 0.6960106937083398, 0.6960106937083398, 0.6960106937083398, 0.6960106937083397]
std = [0.0, 0.0, 0.0, 0.0, 0.0, 0.0, 0.0, 0.0, 0.0, 0.0, 0.0, 0.0, 0.0, 0.0, 0.0, 0.0, 0.0, 0.0, 0.0, 0.0, 0.0, 0.0, 0.0, 0.0, 0.0, 0.0, 0.0, 0.0, 0.0, 0.0, 0.0, 0.0, 0.0, 0.0, 0.0, 0.0, 0.0, 0.0, 0.0, 0.0, 0.0, 0.0, 0.0, 0.0, 0.0, 0.0, 0.0, 0.0, 0.0, 0.0]
