local cost:
avg = [0.006029953349999947, 0.0053801849399999725, 0.005147466299999979, 0.004778802459999991, 0.004785714879999987, 0.004815668899999985, 0.004804148159999986, 0.004875576719999985, 0.004910138899999986, 0.004870968299999989, 0.0047995397499999886, 0.004801843879999989, 0.00475115260999999, 0.00476728166999999, 0.00476958580999999, 0.004774194119999991, 0.004804148029999991, 0.004852535139999991, 0.00483179778999999, 0.00482027705999999, 0.00480875635999999, 0.004820277069999991, 0.004820277069999991, 0.00481566876999999, 0.00480645218999999, 0.00480645218999999, 0.00480645218999999, 0.00478341075999999, 0.00479032322999999, 0.00478571493999999, 0.004907835179999991, 0.004907835179999991, 0.004907835179999991, 0.004907835179999991, 0.00478110661999999, 0.00478110661999999, 0.00478110661999999, 0.0048041480699999905, 0.00479953978999999, 0.004824885389999991, 0.00479723564999999, 0.00479723564999999, 0.004820277159999991, 0.004843318599999991, 0.004843318599999991, 0.004843318599999991, 0.004843318599999991, 0.004843318599999991, 0.004843318599999991, 0.004843318599999991]
std = [0.0, 0.0, 0.0, 0.0, 0.0, 0.0, 0.0, 0.0, 0.0, 0.0, 0.0, 0.0, 0.0, 0.0, 0.0, 0.0, 0.0, 0.0, 0.0, 0.0, 0.0, 0.0, 0.0, 0.0, 0.0, 0.0, 0.0, 0.0, 0.0, 0.0, 0.0, 0.0, 0.0, 0.0, 0.0, 0.0, 0.0, 0.0, 0.0, 0.0, 0.0, 0.0, 0.0, 0.0, 0.0, 0.0, 0.0, 0.0, 0.0, 0.0]
