global cost:
avg = [9.059363098570214, 5.592667496695337, 3.28061972972588, 2.4367444558314815, 2.0281264420981766, 1.7790006343142168, 1.5696535697584149, 1.4607927374678582, 1.3431375635512337, 1.2393455036869025, 1.1531659509795773, 1.0792790449602851, 1.0203587196100201, 0.9685242037135908, 0.9360467205625754, 0.8433475022004302, 0.8310333644124487, 0.8185339920037791, 0.7864837576396145, 0.7461240050607104, 0.7461240050607104, 0.7461240050607104, 0.7461240050607104, 0.7461240050607104, 0.7461240050607104, 0.7461240050607104, 0.7461240050607104, 0.7461240050607104, 0.7461240050607104, 0.7461240050607104, 0.7321765321469981, 0.7321765321469981, 0.7321765321469981, 0.7321765321469981, 0.7250296539855636, 0.710668306917788, 0.6960106937083397, 0.6960106937083397, 0.6960106937083397, 0.6960106937083397, 0.6960106937083397, 0.6960106937083397, 0.6960106937083397, 0.6960106937083397, 0.6960106937083397, 0.6960106937083397, 0.6960106937083397, 0.6960106937083397, 0.6960106937083397, 0.6960106937083397]
std = [0.0, 0.0, 0.0, 0.0, 0.0, 0.0, 0.0, 0.0, 0.0, 0.0, 0.0, 0.0, 0.0, 0.0, 0.0, 0.0, 0.0, 0.0, 0.0, 0.0, 0.0, 0.0, 0.0, 0.0, 0.0, 0.0, 0.0, 0.0, 0.0, 0.0, 0.0, 0.0, 0.0, 0.0, 0.0, 0.0, 0.0, 0.0, 0.0, 0.0, 0.0, 0.0, 0.0, 0.0, 0.0, 0.0, 0.0, 0.0, 0.0, 0.0]
