local cost:
avg = [0.006029953349999947, 0.005398618129999971, 0.005142858019999978, 0.004847926969999991, 0.004769585859999993, 0.0047235028999999895, 0.00471889459999999, 0.004624424589999992, 0.004718894619999989, 0.00468202824999999, 0.004691244819999988, 0.004686636529999988, 0.004626728699999993, 0.004633641089999994, 0.004642857649999993, 0.004589862309999991, 0.004592166449999991, 0.004594470589999991, 0.004582949889999992, 0.004576037429999992, 0.004573733289999992, 0.004573733289999992, 0.004592166439999993, 0.0045806456899999915, 0.0045806456899999915, 0.0045806456899999915, 0.0045806456899999915, 0.0045806456899999915, 0.004592166439999993, 0.004587558129999993, 0.004599078879999993, 0.004599078879999993, 0.004599078879999993, 0.004587558129999993, 0.0044608303199999925, 0.004451613769999993, 0.004470046979999992, 0.004470046979999992, 0.004470046979999992, 0.004470046979999992, 0.004470046979999992, 0.004470046979999992, 0.004470046979999992, 0.004470046979999992, 0.004470046979999992, 0.004470046979999992, 0.004470046979999992, 0.004470046979999992, 0.004470046979999992, 0.004470046979999992]
std = [0.0, 0.0, 0.0, 0.0, 0.0, 0.0, 0.0, 0.0, 0.0, 0.0, 0.0, 0.0, 0.0, 0.0, 0.0, 0.0, 0.0, 0.0, 0.0, 0.0, 0.0, 0.0, 0.0, 0.0, 0.0, 0.0, 0.0, 0.0, 0.0, 0.0, 0.0, 0.0, 0.0, 0.0, 0.0, 0.0, 0.0, 0.0, 0.0, 0.0, 0.0, 0.0, 0.0, 0.0, 0.0, 0.0, 0.0, 0.0, 0.0, 0.0]
