global cost:
avg = [9.059363098570214, 5.581596401423727, 3.2426907238671916, 2.337412402401799, 2.0356593796693416, 1.776011933627216, 1.6370679840075586, 1.5126926346561564, 1.4285714285714288, 1.2761054785988475, 1.175169141910058, 1.1168336866760913, 1.050232158518912, 1.0203587196100203, 0.9895838754653933, 0.9469963145530097, 0.9360467205625752, 0.89090360661063, 0.8433475022004301, 0.8310333644124485, 0.805840765514262, 0.7929443755167073, 0.792944375516707, 0.792944375516707, 0.7798347427260148, 0.7798347427260147, 0.7529310144764179, 0.7391120049488149, 0.7391120049488149, 0.7391120049488148, 0.7391120049488148, 0.7391120049488148, 0.7391120049488148, 0.7391120049488148, 0.7391120049488148, 0.7391120049488148, 0.7391120049488148, 0.7391120049488148, 0.7391120049488148, 0.7391120049488148, 0.7391120049488148, 0.7391120049488148, 0.7391120049488148, 0.7391120049488148, 0.7391120049488148, 0.7391120049488148, 0.7391120049488148, 0.7391120049488148, 0.7391120049488148, 0.7391120049488148]
std = [0.0, 0.0, 0.0, 0.0, 0.0, 0.0, 0.0, 0.0, 0.0, 0.0, 0.0, 0.0, 0.0, 0.0, 0.0, 0.0, 0.0, 0.0, 0.0, 0.0, 0.0, 0.0, 0.0, 0.0, 0.0, 0.0, 0.0, 0.0, 0.0, 0.0, 0.0, 0.0, 0.0, 0.0, 0.0, 0.0, 0.0, 0.0, 0.0, 0.0, 0.0, 0.0, 0.0, 0.0, 0.0, 0.0, 0.0, 0.0, 0.0, 0.0]
