local cost:
avg = [0.006029953349999947, 0.005391705689999972, 0.005133641449999978, 0.004778802459999991, 0.00480645219999999, 0.004762673379999991, 0.005009217169999987, 0.005013825469999987, 0.004834101869999988, 0.004877880679999986, 0.004894009689999986, 0.004882488899999987, 0.004907834569999985, 0.004903226289999986, 0.004760369459999986, 0.004748848689999986, 0.004758065309999986, 0.004788019209999982, 0.004797235759999982, 0.004788019209999982, 0.004778802629999984, 0.004769586079999986, 0.004769586079999986, 0.004769586079999986, 0.004769586079999986, 0.004760369499999986, 0.004771890249999985, 0.0047258073499999885, 0.0047258073499999885, 0.0047258073499999885, 0.0047258073499999885, 0.0047258073499999885, 0.0047258073499999885, 0.0047258073499999885, 0.0047258073499999885, 0.004714286599999988, 0.004728111449999988, 0.004728111449999988, 0.004728111449999988, 0.0047396321999999885, 0.0047396321999999885, 0.0047396321999999885, 0.004728111449999988, 0.004728111449999988, 0.004728111449999988, 0.004728111449999988, 0.004728111449999988, 0.004824885599999988, 0.004728111449999988, 0.004728111449999988]
std = [0.0, 0.0, 0.0, 0.0, 0.0, 0.0, 0.0, 0.0, 0.0, 0.0, 0.0, 0.0, 0.0, 0.0, 0.0, 0.0, 0.0, 0.0, 0.0, 0.0, 0.0, 0.0, 0.0, 0.0, 0.0, 0.0, 0.0, 0.0, 0.0, 0.0, 0.0, 0.0, 0.0, 0.0, 0.0, 0.0, 0.0, 0.0, 0.0, 0.0, 0.0, 0.0, 0.0, 0.0, 0.0, 0.0, 0.0, 0.0, 0.0, 0.0]
