global cost:
avg = [9.059363098570214, 5.581596401423727, 3.229948746319391, 2.402660002875399, 2.0356593796693416, 1.764364269357159, 1.6052721889939465, 1.4429322367778308, 1.3391764805723856, 1.2516347400127967, 1.1796810503698558, 1.135145187672736, 1.0600028978678895, 0.9999474002577023, 0.9578207433951376, 0.9360467205625754, 0.9137539875009522, 0.8792557532201863, 0.8433475022004301, 0.8433475022004301, 0.8433475022004301, 0.8310333644124486, 0.8310333644124486, 0.8185339920037791, 0.7929443755167073, 0.779834742726015, 0.7665009258060418, 0.7665009258060418, 0.7665009258060418, 0.7665009258060418, 0.7665009258060418, 0.7665009258060416, 0.7529310144764181, 0.739112004948815, 0.7391120049488149, 0.7250296539855636, 0.7250296539855636, 0.7250296539855636, 0.7250296539855636, 0.7250296539855636, 0.7250296539855636, 0.7250296539855636, 0.7250296539855636, 0.7250296539855636, 0.7250296539855636, 0.7250296539855636, 0.7250296539855636, 0.7250296539855636, 0.7250296539855636, 0.7250296539855636]
std = [0.0, 0.0, 0.0, 0.0, 0.0, 0.0, 0.0, 0.0, 0.0, 0.0, 0.0, 0.0, 0.0, 0.0, 0.0, 0.0, 0.0, 0.0, 0.0, 0.0, 0.0, 0.0, 0.0, 0.0, 0.0, 0.0, 0.0, 0.0, 0.0, 0.0, 0.0, 0.0, 0.0, 0.0, 0.0, 0.0, 0.0, 0.0, 0.0, 0.0, 0.0, 0.0, 0.0, 0.0, 0.0, 0.0, 0.0, 0.0, 0.0, 0.0]
