local cost:
avg = [0.006029953349999947, 0.005391705689999972, 0.005147466299999979, 0.004834101999999986, 0.00476267332999999, 0.004767281619999991, 0.004903226029999989, 0.004960829699999993, 0.004986175259999991, 0.004880184509999993, 0.004817972629999991, 0.004811060199999991, 0.004817972599999989, 0.004774193819999991, 0.0047672813899999915, 0.004774193849999993, 0.004755760689999992, 0.004732719199999992, 0.004735023339999992, 0.004735023339999992, 0.0047396316299999925, 0.004730415079999992, 0.004730415079999992, 0.004735023369999991, 0.0047096777799999915, 0.0047096777799999915, 0.004705069479999991, 0.004705069479999991, 0.004705069479999991, 0.004705069479999991, 0.004705069479999991, 0.00470276533999999, 0.004728110969999991, 0.00473041510999999, 0.00473041510999999, 0.00473041510999999, 0.00473041510999999, 0.00473041510999999, 0.00473041510999999, 0.00473041510999999, 0.00473041510999999, 0.004732719249999991, 0.004732719249999991, 0.004732719249999991, 0.0047096777999999905, 0.0047096777999999905, 0.0047096777999999905, 0.0047096777999999905, 0.0047096777999999905, 0.0047096777999999905]
std = [0.0, 0.0, 0.0, 0.0, 0.0, 0.0, 0.0, 0.0, 0.0, 0.0, 0.0, 0.0, 0.0, 0.0, 0.0, 0.0, 0.0, 0.0, 0.0, 0.0, 0.0, 0.0, 0.0, 0.0, 0.0, 0.0, 0.0, 0.0, 0.0, 0.0, 0.0, 0.0, 0.0, 0.0, 0.0, 0.0, 0.0, 0.0, 0.0, 0.0, 0.0, 0.0, 0.0, 0.0, 0.0, 0.0, 0.0, 0.0, 0.0, 0.0]
