global cost:
avg = [9.059363098570214, 5.6129077893997, 3.236326006021685, 2.315254619992495, 2.0457629929778833, 1.8387556966866543, 1.710968808796625, 1.5194925349089463, 1.4429322367778312, 1.3584018654376202, 1.2962666293691891, 1.222595666648169, 1.18838795740396, 1.1351451876727359, 1.0792790449602851, 1.0102046129290683, 0.9999474002577023, 0.9685242037135907, 0.9137539875009523, 0.8792557532201863, 0.8554844043983124, 0.8433475022004301, 0.8310333644124485, 0.818533992003779, 0.805840765514262, 0.8058407655142619, 0.8058407655142619, 0.8058407655142618, 0.8058407655142618, 0.792944375516707, 0.7798347427260147, 0.7798347427260147, 0.7798347427260147, 0.7798347427260147, 0.7798347427260147, 0.7798347427260147, 0.7798347427260147, 0.7798347427260147, 0.7798347427260147, 0.7798347427260147, 0.7798347427260147, 0.7798347427260147, 0.7798347427260147, 0.7798347427260147, 0.7798347427260147, 0.7798347427260147, 0.7798347427260147, 0.7798347427260147, 0.7798347427260147, 0.7798347427260147]
std = [0.0, 0.0, 0.0, 0.0, 0.0, 0.0, 0.0, 0.0, 0.0, 0.0, 0.0, 0.0, 0.0, 0.0, 0.0, 0.0, 0.0, 0.0, 0.0, 0.0, 0.0, 0.0, 0.0, 0.0, 0.0, 0.0, 0.0, 0.0, 0.0, 0.0, 0.0, 0.0, 0.0, 0.0, 0.0, 0.0, 0.0, 0.0, 0.0, 0.0, 0.0, 0.0, 0.0, 0.0, 0.0, 0.0, 0.0, 0.0, 0.0, 0.0]
