local cost:
avg = [0.006029953349999947, 0.005391705689999972, 0.005147466279999978, 0.004845622699999986, 0.00477188992999999, 0.00480184379999999, 0.004808756259999991, 0.004771889929999989, 0.0047465442799999895, 0.00474654422999999, 0.004764977369999991, 0.00475345664999999, 0.004769585659999989, 0.004831797599999987, 0.004817972699999987, 0.004831797569999987, 0.004841014149999986, 0.004797235329999986, 0.004774193839999988, 0.004783410459999988, 0.0047811063199999886, 0.0047926270099999885, 0.004794931149999989, 0.004794931149999989, 0.0047903228699999875, 0.0047903228699999875, 0.0047903228699999875, 0.0047903228699999875, 0.004794931189999989, 0.004783410439999989, 0.004785714579999989, 0.004785714579999989, 0.004785714579999989, 0.004785714579999989, 0.004785714579999989, 0.004785714579999989, 0.004785714579999989, 0.004785714579999989, 0.004785714579999989, 0.004762673129999989, 0.004762673129999989, 0.004762673129999989, 0.004762673129999989, 0.004762673129999989, 0.004762673129999989, 0.004762673129999989, 0.004762673129999989, 0.004762673129999989, 0.004762673129999989, 0.004762673129999989]
std = [0.0, 0.0, 0.0, 0.0, 0.0, 0.0, 0.0, 0.0, 0.0, 0.0, 0.0, 0.0, 0.0, 0.0, 0.0, 0.0, 0.0, 0.0, 0.0, 0.0, 0.0, 0.0, 0.0, 0.0, 0.0, 0.0, 0.0, 0.0, 0.0, 0.0, 0.0, 0.0, 0.0, 0.0, 0.0, 0.0, 0.0, 0.0, 0.0, 0.0, 0.0, 0.0, 0.0, 0.0, 0.0, 0.0, 0.0, 0.0, 0.0, 0.0]
