global cost:
avg = [9.059363098570214, 5.55010837051573, 3.2299487463193914, 2.29288272091955, 2.0153001968023636, 1.7349030207706333, 1.6180654851270637, 1.5058620289528366, 1.4178166600913722, 1.331614011749899, 1.2352219217113534, 1.1665439307064442, 1.112255996640097, 1.0451615752041352, 0.9842008829893436, 0.9522582149679313, 0.94136982704614, 0.907921517076111, 0.8731928830829385, 0.8370245760810141, 0.7992211651730132, 0.7862162006467929, 0.7729924692119885, 0.7595385446160162, 0.7458419698946857, 0.7458419698946857, 0.7458419698946857, 0.7458419698946857, 0.7458419698946857, 0.7458419698946857, 0.7458419698946857, 0.7458419698946857, 0.7458419698946857, 0.7458419698946857, 0.7458419698946857, 0.7458419698946857, 0.7458419698946857, 0.7458419698946857, 0.7458419698946857, 0.7318891223097624, 0.7250296539855636, 0.7250296539855636, 0.7250296539855636, 0.7250296539855636, 0.7250296539855636, 0.7250296539855636, 0.7250296539855636, 0.7250296539855636, 0.7250296539855636, 0.7250296539855636]
std = [0.0, 0.0, 0.0, 0.0, 0.0, 0.0, 0.0, 0.0, 0.0, 0.0, 0.0, 0.0, 0.0, 0.0, 0.0, 0.0, 0.0, 0.0, 0.0, 0.0, 0.0, 0.0, 0.0, 0.0, 0.0, 0.0, 0.0, 0.0, 0.0, 0.0, 0.0, 0.0, 0.0, 0.0, 0.0, 0.0, 0.0, 0.0, 0.0, 0.0, 0.0, 0.0, 0.0, 0.0, 0.0, 0.0, 0.0, 0.0, 0.0, 0.0]
