local cost:
avg = [0.006029953349999947, 0.0053940098399999714, 0.0051428580299999775, 0.004808756389999989, 0.004822581279999985, 0.004725807119999988, 0.004714286349999988, 0.004675115839999989, 0.004629032929999991, 0.004695853229999989, 0.00467511587999999, 0.004658986859999991, 0.004675115849999989, 0.004658986749999989, 0.004658986749999989, 0.004658986719999989, 0.004665899219999986, 0.004707373849999989, 0.004716590389999988, 0.004695853039999988, 0.004682028899999989, 0.004682028909999988, 0.004695853759999988, 0.004732720169999988, 0.004737328459999987, 0.004737328459999987, 0.004737328459999987, 0.004737328459999987, 0.004552996259999985, 0.004552996259999985, 0.004552996259999985, 0.004552996259999985, 0.004552996259999985, 0.004684333109999985, 0.004552996259999985, 0.004552996259999985, 0.004552996259999985, 0.004552996259999985, 0.0045599086999999865, 0.004578341849999985, 0.004578341849999985, 0.004578341849999985, 0.004578341849999985, 0.004582950139999985, 0.004582950139999985, 0.004615208189999985, 0.004612904049999985, 0.004612904049999985, 0.004612904049999985, 0.004767282349999985]
std = [0.0, 0.0, 0.0, 0.0, 0.0, 0.0, 0.0, 0.0, 0.0, 0.0, 0.0, 0.0, 0.0, 0.0, 0.0, 0.0, 0.0, 0.0, 0.0, 0.0, 0.0, 0.0, 0.0, 0.0, 0.0, 0.0, 0.0, 0.0, 0.0, 0.0, 0.0, 0.0, 0.0, 0.0, 0.0, 0.0, 0.0, 0.0, 0.0, 0.0, 0.0, 0.0, 0.0, 0.0, 0.0, 0.0, 0.0, 0.0, 0.0, 0.0]
