global cost:
avg = [9.059363098570214, 5.5668006911311325, 3.2426907238671916, 2.372434444301885, 2.1029919675674638, 1.841642576778058, 1.6652599435435895, 1.5431584825452023, 1.3734965385564206, 1.2882890272431604, 1.1620715413431584, 1.0887891501991633, 1.0502321585189116, 0.9999474002577023, 0.9578207433951376, 0.9024011264248617, 0.8792557532201863, 0.8310333644124486, 0.8185339920037791, 0.805840765514262, 0.7929443755167073, 0.7798347427260149, 0.7529310144764182, 0.7529310144764181, 0.7529310144764181, 0.7529310144764181, 0.7529310144764181, 0.7529310144764181, 0.7529310144764181, 0.7529310144764181, 0.7529310144764181, 0.7529310144764181, 0.739112004948815, 0.7391120049488149, 0.7250296539855636, 0.7106683069177879, 0.7106683069177878, 0.7106683069177878, 0.6960106937083397, 0.6960106937083397, 0.6960106937083397, 0.6960106937083397, 0.6960106937083397, 0.6960106937083397, 0.6960106937083397, 0.6960106937083397, 0.6960106937083397, 0.6960106937083397, 0.6960106937083397, 0.6960106937083397]
std = [0.0, 0.0, 0.0, 0.0, 0.0, 0.0, 0.0, 0.0, 0.0, 0.0, 0.0, 0.0, 0.0, 0.0, 0.0, 0.0, 0.0, 0.0, 0.0, 0.0, 0.0, 0.0, 0.0, 0.0, 0.0, 0.0, 0.0, 0.0, 0.0, 0.0, 0.0, 0.0, 0.0, 0.0, 0.0, 0.0, 0.0, 0.0, 0.0, 0.0, 0.0, 0.0, 0.0, 0.0, 0.0, 0.0, 0.0, 0.0, 0.0, 0.0]
