local cost:
avg = [0.006029953349999947, 0.005391705689999972, 0.005158987069999978, 0.0047741941899999895, 0.00471889459999999, 0.004695853169999989, 0.00482258170999999, 0.0048686646599999895, 0.004923964149999989, 0.00498387200999999, 0.005006913529999989, 0.0048064522799999895, 0.004799539769999993, 0.004811060519999994, 0.004817972949999995, 0.0047857148499999965, 0.004774194149999995, 0.004776498299999996, 0.004804148049999995, 0.004861751649999996, 0.0048571433599999955, 0.004850230899999995, 0.004711982359999995, 0.004718894759999995, 0.004714286449999995, 0.004714286449999995, 0.004714286449999995, 0.004714286449999995, 0.004714286449999995, 0.004714286449999995, 0.004714286449999995, 0.004617512299999994, 0.004730415149999991, 0.004728111009999991, 0.004739631759999991, 0.004728111009999991, 0.004728111009999991, 0.004728111009999991, 0.004728111009999991, 0.004728111009999991, 0.004728111009999991, 0.004675115659999991, 0.004705069609999991, 0.004705069609999991, 0.004705069609999991, 0.004705069609999991, 0.004705069609999991, 0.004705069609999991, 0.004705069609999991, 0.004705069609999991]
std = [0.0, 0.0, 0.0, 0.0, 0.0, 0.0, 0.0, 0.0, 0.0, 0.0, 0.0, 0.0, 0.0, 0.0, 0.0, 0.0, 0.0, 0.0, 0.0, 0.0, 0.0, 0.0, 0.0, 0.0, 0.0, 0.0, 0.0, 0.0, 0.0, 0.0, 0.0, 0.0, 0.0, 0.0, 0.0, 0.0, 0.0, 0.0, 0.0, 0.0, 0.0, 0.0, 0.0, 0.0, 0.0, 0.0, 0.0, 0.0, 0.0, 0.0]
