global cost:
avg = [9.059363098570214, 5.572353686269487, 3.2585481297902423, 2.3241430826863168, 2.0204092258581365, 1.7875837048340828, 1.5330018516120836, 1.4285714285714286, 1.343137563551234, 1.2640541711540827, 1.18838795740396, 1.0982169049383856, 1.010204612929068, 0.9578207433951376, 0.89090360661063, 0.8674515103853161, 0.8433475022004301, 0.8310333644124486, 0.8058407655142619, 0.792944375516707, 0.7798347427260147, 0.7665009258060415, 0.752931014476418, 0.7250296539855636, 0.7250296539855636, 0.7250296539855636, 0.7106683069177879, 0.7106683069177878, 0.7106683069177878, 0.7106683069177878, 0.7106683069177878, 0.7106683069177878, 0.7106683069177878, 0.6960106937083397, 0.6810376854883534, 0.6810376854883534, 0.6810376854883534, 0.6810376854883534, 0.6810376854883534, 0.6810376854883534, 0.6810376854883534, 0.6810376854883534, 0.6810376854883534, 0.6810376854883534, 0.6810376854883534, 0.6810376854883534, 0.6810376854883534, 0.6810376854883534, 0.6810376854883534, 0.6810376854883534]
std = [0.0, 0.0, 0.0, 0.0, 0.0, 0.0, 0.0, 0.0, 0.0, 0.0, 0.0, 0.0, 0.0, 0.0, 0.0, 0.0, 0.0, 0.0, 0.0, 0.0, 0.0, 0.0, 0.0, 0.0, 0.0, 0.0, 0.0, 0.0, 0.0, 0.0, 0.0, 0.0, 0.0, 0.0, 0.0, 0.0, 0.0, 0.0, 0.0, 0.0, 0.0, 0.0, 0.0, 0.0, 0.0, 0.0, 0.0, 0.0, 0.0, 0.0]
