local cost:
avg = [0.006029953349999947, 0.0053940098299999715, 0.0051451621599999785, 0.004675115839999994, 0.00468894069999999, 0.004709677999999993, 0.00481106020999999, 0.004718894329999991, 0.004774193829999992, 0.0047695855299999925, 0.0047534564799999925, 0.004873272139999993, 0.004737327499999992, 0.004732719979999992, 0.004721199309999992, 0.004716591019999992, 0.004612904679999997, 0.0046267295899999955, 0.004497696879999996, 0.0044861761799999955, 0.004608296449999997, 0.004610600589999996, 0.004672812529999996, 0.004552996889999997, 0.004449309779999997, 0.004451613919999998, 0.004474655319999998, 0.004601383879999999, 0.004601383879999999, 0.004601383879999999, 0.004601383879999999, 0.004601383879999999, 0.004605992199999997, 0.0045852548999999986, 0.004578342459999998, 0.0045852548999999986, 0.0045852548999999986, 0.004578342459999998, 0.004578342459999998, 0.004578342459999998, 0.004608296409999999, 0.004481567849999999, 0.004451613899999998, 0.004440093149999999, 0.004440093149999999, 0.004440093149999999, 0.004559909269999999, 0.004559909269999999, 0.004559909269999999, 0.004559909269999999]
std = [0.0, 0.0, 0.0, 0.0, 0.0, 0.0, 0.0, 0.0, 0.0, 0.0, 0.0, 0.0, 0.0, 0.0, 0.0, 0.0, 0.0, 0.0, 0.0, 0.0, 0.0, 0.0, 0.0, 0.0, 0.0, 0.0, 0.0, 0.0, 0.0, 0.0, 0.0, 0.0, 0.0, 0.0, 0.0, 0.0, 0.0, 0.0, 0.0, 0.0, 0.0, 0.0, 0.0, 0.0, 0.0, 0.0, 0.0, 0.0, 0.0, 0.0]
