global cost:
avg = [9.059363098570214, 5.550108370515731, 3.1654695970471094, 2.2883820955405167, 2.0153001968023636, 1.7260580078841814, 1.5957087941913017, 1.4537182894693899, 1.3199101653215841, 1.2558719643781384, 1.18838795740396, 1.1168336866760908, 1.0696843927950683, 1.02035871961002, 1.010204612929068, 0.989583875465393, 0.9578207433951375, 0.9137539875009519, 0.9024011264248615, 0.9024011264248615, 0.9024011264248615, 0.9024011264248615, 0.8792557532201861, 0.867451510385316, 0.8554844043983123, 0.8554844043983123, 0.8433475022004299, 0.8310333644124485, 0.818533992003779, 0.8058407655142618, 0.7798347427260147, 0.7798347427260147, 0.7798347427260147, 0.7798347427260147, 0.7798347427260147, 0.7798347427260147, 0.7798347427260147, 0.7798347427260147, 0.7798347427260147, 0.7798347427260147, 0.7798347427260147, 0.7798347427260147, 0.7798347427260147, 0.7798347427260147, 0.7798347427260147, 0.7798347427260147, 0.7798347427260147, 0.7798347427260147, 0.7798347427260147, 0.7798347427260147]
std = [0.0, 0.0, 0.0, 0.0, 0.0, 0.0, 0.0, 0.0, 0.0, 0.0, 0.0, 0.0, 0.0, 0.0, 0.0, 0.0, 0.0, 0.0, 0.0, 0.0, 0.0, 0.0, 0.0, 0.0, 0.0, 0.0, 0.0, 0.0, 0.0, 0.0, 0.0, 0.0, 0.0, 0.0, 0.0, 0.0, 0.0, 0.0, 0.0, 0.0, 0.0, 0.0, 0.0, 0.0, 0.0, 0.0, 0.0, 0.0, 0.0, 0.0]
