local cost:
avg = [0.006029953349999947, 0.005410138899999969, 0.005168203659999977, 0.004873272529999985, 0.004884793279999986, 0.0048894015599999854, 0.004804148149999984, 0.004790323269999985, 0.0047649777599999875, 0.004790323389999989, 0.004827189679999989, 0.004820277219999987, 0.004864055959999984, 0.004843318619999986, 0.004852535169999986, 0.0047672816799999886, 0.004785714829999986, 0.004794931409999985, 0.004790323119999986, 0.004790323119999986, 0.004790323119999986, 0.004785714819999986, 0.004647466269999986, 0.0046497703799999865, 0.004652074519999986, 0.004652074519999986, 0.004645162079999988, 0.004649770379999987, 0.004647466239999987, 0.004589862489999989, 0.004573733449999989, 0.004573733449999989, 0.004573733449999989, 0.004573733449999989, 0.004573733449999989, 0.004569125159999988, 0.004573733449999989, 0.004573733449999989, 0.004573733449999989, 0.004573733449999989, 0.004573733449999989, 0.004573733449999989, 0.004573733449999989, 0.004573733449999989, 0.004573733449999989, 0.004573733449999989, 0.004573733449999989, 0.004573733449999989, 0.004573733449999989, 0.004573733449999989]
std = [0.0, 0.0, 0.0, 0.0, 0.0, 0.0, 0.0, 0.0, 0.0, 0.0, 0.0, 0.0, 0.0, 0.0, 0.0, 0.0, 0.0, 0.0, 0.0, 0.0, 0.0, 0.0, 0.0, 0.0, 0.0, 0.0, 0.0, 0.0, 0.0, 0.0, 0.0, 0.0, 0.0, 0.0, 0.0, 0.0, 0.0, 0.0, 0.0, 0.0, 0.0, 0.0, 0.0, 0.0, 0.0, 0.0, 0.0, 0.0, 0.0, 0.0]
