global cost:
avg = [9.059363098570214, 5.583443108431153, 3.239509928052899, 2.42401895061123, 2.0807393206129996, 1.8105053793326518, 1.6180654851270635, 1.4990002980456414, 1.3920213874166798, 1.2921618729524782, 1.2097506928709512, 1.1120668213692941, 1.0352507723166198, 0.9630235016212957, 0.9079215170761109, 0.8731928830829384, 0.8370245760810141, 0.8246160223173999, 0.7862162006467928, 0.7595385446160163, 0.7458419698946857, 0.7458419698946857, 0.7458419698946857, 0.7458419698946857, 0.7458419698946857, 0.7458419698946857, 0.7458419698946857, 0.7458419698946857, 0.7458419698946857, 0.7458419698946857, 0.7458419698946857, 0.7458419698946857, 0.7458419698946857, 0.7458419698946857, 0.7458419698946857, 0.7458419698946857, 0.7391120049488149, 0.7391120049488149, 0.7391120049488149, 0.7391120049488149, 0.7391120049488149, 0.7391120049488149, 0.7391120049488149, 0.7391120049488149, 0.7250296539855637, 0.7250296539855636, 0.7250296539855636, 0.7250296539855636, 0.7250296539855636, 0.7250296539855636]
std = [0.0, 0.0, 0.0, 0.0, 0.0, 0.0, 0.0, 0.0, 0.0, 0.0, 0.0, 0.0, 0.0, 0.0, 0.0, 0.0, 0.0, 0.0, 0.0, 0.0, 0.0, 0.0, 0.0, 0.0, 0.0, 0.0, 0.0, 0.0, 0.0, 0.0, 0.0, 0.0, 0.0, 0.0, 0.0, 0.0, 0.0, 0.0, 0.0, 0.0, 0.0, 0.0, 0.0, 0.0, 0.0, 0.0, 0.0, 0.0, 0.0, 0.0]
