local cost:
avg = [0.006029953349999947, 0.005391705689999972, 0.0051428580199999775, 0.00491013897999999, 0.005156682309999977, 0.00507834126999998, 0.005071428779999984, 0.00497926318999998, 0.004744240619999993, 0.004817973329999988, 0.004815669179999988, 0.004788019429999989, 0.004841014839999986, 0.0048410148399999865, 0.004836406529999986, 0.00479262775999999, 0.004801844449999988, 0.004760369769999989, 0.004778802889999991, 0.004778802889999991, 0.004778802889999991, 0.004778802889999991, 0.004778802889999991, 0.004778802889999991, 0.004778802889999991, 0.004778802889999991, 0.004778802889999991, 0.004778802889999991, 0.004778802889999991, 0.004778802889999991, 0.004785715329999991, 0.004794931879999992, 0.004794931889999992, 0.004794931889999992, 0.004794931889999992, 0.004785715329999991, 0.004785715329999991, 0.004785715329999991, 0.004792627769999992, 0.004792627769999992, 0.004785715329999991, 0.004778802889999991, 0.004737328279999991, 0.004737328279999991, 0.0047304158399999905, 0.00472580754999999, 0.00472580754999999, 0.00472580754999999, 0.00472580754999999, 0.00472580754999999]
std = [0.0, 0.0, 0.0, 0.0, 0.0, 0.0, 0.0, 0.0, 0.0, 0.0, 0.0, 0.0, 0.0, 0.0, 0.0, 0.0, 0.0, 0.0, 0.0, 0.0, 0.0, 0.0, 0.0, 0.0, 0.0, 0.0, 0.0, 0.0, 0.0, 0.0, 0.0, 0.0, 0.0, 0.0, 0.0, 0.0, 0.0, 0.0, 0.0, 0.0, 0.0, 0.0, 0.0, 0.0, 0.0, 0.0, 0.0, 0.0, 0.0, 0.0]
