global cost:
avg = [9.059363098570214, 5.581596401423727, 3.2426907238671916, 2.3462169235396395, 1.9739519826032743, 1.7760119336272162, 1.585888751033415, 1.4642093805312706, 1.3696232594850184, 1.3001157112399984, 1.209750692870951, 1.175169141910058, 1.1304555402988952, 1.0743455628364096, 1.0252441684209315, 0.9842008829893436, 0.9630235016212958, 0.9079215170761112, 0.8849205431945432, 0.8433475022004301, 0.818533992003779, 0.792944375516707, 0.7798347427260148, 0.7665009258060416, 0.7665009258060416, 0.7665009258060416, 0.7529310144764181, 0.7391120049488149, 0.7250296539855636, 0.7250296539855636, 0.7250296539855635, 0.7250296539855635, 0.7250296539855635, 0.7250296539855635, 0.7250296539855635, 0.7250296539855635, 0.7250296539855635, 0.7250296539855635, 0.7250296539855635, 0.7250296539855635, 0.7250296539855635, 0.7250296539855635, 0.7250296539855635, 0.7250296539855635, 0.7250296539855635, 0.7250296539855635, 0.7250296539855635, 0.7250296539855635, 0.7250296539855635, 0.7250296539855635]
std = [0.0, 0.0, 0.0, 0.0, 0.0, 0.0, 0.0, 0.0, 0.0, 0.0, 0.0, 0.0, 0.0, 0.0, 0.0, 0.0, 0.0, 0.0, 0.0, 0.0, 0.0, 0.0, 0.0, 0.0, 0.0, 0.0, 0.0, 0.0, 0.0, 0.0, 0.0, 0.0, 0.0, 0.0, 0.0, 0.0, 0.0, 0.0, 0.0, 0.0, 0.0, 0.0, 0.0, 0.0, 0.0, 0.0, 0.0, 0.0, 0.0, 0.0]
