local cost:
avg = [0.006029953349999947, 0.005391705689999972, 0.005147466299999979, 0.004778802459999991, 0.004788019019999987, 0.004783410719999988, 0.004838710319999986, 0.004861751769999987, 0.004838710339999988, 0.004767281689999992, 0.004792627339999991, 0.004721198699999991, 0.004721198689999991, 0.004760369189999992, 0.004769585739999992, 0.004771889919999991, 0.004755760889999992, 0.004730415289999991, 0.004721198739999991, 0.004725806979999992, 0.004721198679999991, 0.0048502313799999915, 0.004817973289999993, 0.004813364999999992, 0.004813364999999992, 0.004813364999999992, 0.004811060849999991, 0.004764977899999996, 0.004635945199999995, 0.004635945199999995, 0.004635945199999995, 0.004635945199999995, 0.004635945199999995, 0.004635945199999995, 0.004635945199999995, 0.004635945199999995, 0.004635945199999995, 0.004635945199999995, 0.004638249339999996, 0.004638249339999996, 0.004635945199999995, 0.004635945199999995, 0.004635945199999995, 0.004635945199999995, 0.004647465949999994, 0.004647465949999994, 0.004647465949999994, 0.004647465949999994, 0.004647465949999994, 0.004647465949999994]
std = [0.0, 0.0, 0.0, 0.0, 0.0, 0.0, 0.0, 0.0, 0.0, 0.0, 0.0, 0.0, 0.0, 0.0, 0.0, 0.0, 0.0, 0.0, 0.0, 0.0, 0.0, 0.0, 0.0, 0.0, 0.0, 0.0, 0.0, 0.0, 0.0, 0.0, 0.0, 0.0, 0.0, 0.0, 0.0, 0.0, 0.0, 0.0, 0.0, 0.0, 0.0, 0.0, 0.0, 0.0, 0.0, 0.0, 0.0, 0.0, 0.0, 0.0]
