global cost:
avg = [9.059363098570214, 5.5519655511512145, 3.220359177754419, 2.328574590924604, 1.9634788810224915, 1.758511506440373, 1.5988371537015225, 1.471233382824356, 1.384595603894663, 1.315879164670962, 1.2598444662369763, 1.201198643938926, 1.139538628258603, 1.1120668213692944, 1.0743455628364098, 1.0252441684209315, 0.99462049786742, 0.973669770186983, 0.9079215170761108, 0.8731928830829384, 0.8246160223173999, 0.8120178739175263, 0.7929443755167073, 0.7929443755167073, 0.7929443755167072, 0.7798347427260148, 0.7665009258060416, 0.7665009258060416, 0.7665009258060416, 0.7665009258060416, 0.7665009258060416, 0.7665009258060416, 0.7665009258060416, 0.7665009258060416, 0.7665009258060416, 0.7665009258060416, 0.7665009258060416, 0.7665009258060416, 0.7665009258060416, 0.7665009258060416, 0.7665009258060416, 0.7665009258060416, 0.7665009258060416, 0.7665009258060416, 0.7665009258060416, 0.7665009258060416, 0.7665009258060416, 0.7665009258060416, 0.7665009258060416, 0.7665009258060416]
std = [0.0, 0.0, 0.0, 0.0, 0.0, 0.0, 0.0, 0.0, 0.0, 0.0, 0.0, 0.0, 0.0, 0.0, 0.0, 0.0, 0.0, 0.0, 0.0, 0.0, 0.0, 0.0, 0.0, 0.0, 0.0, 0.0, 0.0, 0.0, 0.0, 0.0, 0.0, 0.0, 0.0, 0.0, 0.0, 0.0, 0.0, 0.0, 0.0, 0.0, 0.0, 0.0, 0.0, 0.0, 0.0, 0.0, 0.0, 0.0, 0.0, 0.0]
