local cost:
avg = [0.006029953349999947, 0.005391705689999972, 0.005140553869999977, 0.00472580707999999, 0.0046059913599999945, 0.004608295509999996, 0.004728110919999993, 0.004622120389999996, 0.004619816299999997, 0.0046082956099999985, 0.004612903909999998, 0.004675115829999998, 0.004870967949999989, 0.004857143039999991, 0.004723502769999991, 0.004721198589999991, 0.004739631749999991, 0.00472350276999999, 0.00467050736999999, 0.00467741980999999, 0.00467281152999999, 0.00466129079999999, 0.00465898665999999, 0.004679723959999991, 0.004677419809999992, 0.004677419809999992, 0.004677419809999992, 0.004677419809999992, 0.004677419809999992, 0.004677419809999992, 0.004677419809999992, 0.004677419809999992, 0.004677419809999992, 0.004677419809999992, 0.004677419809999992, 0.004677419809999992, 0.004677419809999992, 0.004677419809999992, 0.004677419809999992, 0.004677419809999992, 0.004677419809999992, 0.004677419809999992, 0.004677419809999992, 0.004677419809999992, 0.004677419809999992, 0.004677419809999992, 0.004677419809999992, 0.004677419809999992, 0.004677419809999992, 0.004677419809999992]
std = [0.0, 0.0, 0.0, 0.0, 0.0, 0.0, 0.0, 0.0, 0.0, 0.0, 0.0, 0.0, 0.0, 0.0, 0.0, 0.0, 0.0, 0.0, 0.0, 0.0, 0.0, 0.0, 0.0, 0.0, 0.0, 0.0, 0.0, 0.0, 0.0, 0.0, 0.0, 0.0, 0.0, 0.0, 0.0, 0.0, 0.0, 0.0, 0.0, 0.0, 0.0, 0.0, 0.0, 0.0, 0.0, 0.0, 0.0, 0.0, 0.0, 0.0]
