global cost:
avg = [9.059363098570214, 5.581596401423727, 3.2426907238671916, 2.359362100739711, 2.0050430842826255, 1.7875837048340832, 1.5858887510334152, 1.4571515203762224, 1.3696232594850182, 1.2761054785988477, 1.1574909929220012, 1.1120668213692941, 1.0600028978678897, 1.0203587196100206, 0.9791106627343389, 0.9137539875009523, 0.8433475022004301, 0.8310333644124485, 0.8058407655142619, 0.8058407655142618, 0.8058407655142618, 0.8058407655142618, 0.8058407655142618, 0.8058407655142618, 0.792944375516707, 0.7798347427260148, 0.7665009258060416, 0.752931014476418, 0.7391120049488147, 0.7391120049488147, 0.7391120049488147, 0.7391120049488147, 0.7391120049488147, 0.7391120049488147, 0.7391120049488147, 0.7391120049488147, 0.7391120049488147, 0.7391120049488147, 0.7391120049488147, 0.7391120049488147, 0.7391120049488147, 0.7391120049488147, 0.7391120049488147, 0.7391120049488147, 0.7391120049488147, 0.7391120049488147, 0.7391120049488147, 0.7391120049488147, 0.7391120049488147, 0.7391120049488147]
std = [0.0, 0.0, 0.0, 0.0, 0.0, 0.0, 0.0, 0.0, 0.0, 0.0, 0.0, 0.0, 0.0, 0.0, 0.0, 0.0, 0.0, 0.0, 0.0, 0.0, 0.0, 0.0, 0.0, 0.0, 0.0, 0.0, 0.0, 0.0, 0.0, 0.0, 0.0, 0.0, 0.0, 0.0, 0.0, 0.0, 0.0, 0.0, 0.0, 0.0, 0.0, 0.0, 0.0, 0.0, 0.0, 0.0, 0.0, 0.0, 0.0, 0.0]
