local cost:
avg = [0.006029953349999947, 0.00540092229999997, 0.005177420209999978, 0.004813364659999989, 0.004894009769999989, 0.00483410193999999, 0.004797235629999988, 0.004827189469999989, 0.004790323059999989, 0.00477649818999999, 0.0047165903899999894, 0.00468894065999999, 0.00468433237999999, 0.00467511580999999, 0.004679724099999991, 0.00471198215999999, 0.0047073738699999895, 0.004702765579999989, 0.004739631949999991, 0.004739631949999991, 0.004739631949999991, 0.004739631949999991, 0.004739631949999991, 0.004739631949999991, 0.004737327809999992, 0.00474884853999999, 0.00476036923999999, 0.00475115268999999, 0.004758065029999989, 0.004758065029999989, 0.004758065029999989, 0.004758065029999989, 0.004758065029999989, 0.004758065029999989, 0.004758065029999989, 0.004758065029999989, 0.004758065029999989, 0.004758065029999989, 0.004758065029999989, 0.004758065029999989, 0.004758065029999989, 0.00476497746999999, 0.00476728160999999, 0.00476728160999999, 0.00476728160999999, 0.00476728160999999, 0.00476728160999999, 0.00476728160999999, 0.00476728160999999, 0.00476728160999999]
std = [0.0, 0.0, 0.0, 0.0, 0.0, 0.0, 0.0, 0.0, 0.0, 0.0, 0.0, 0.0, 0.0, 0.0, 0.0, 0.0, 0.0, 0.0, 0.0, 0.0, 0.0, 0.0, 0.0, 0.0, 0.0, 0.0, 0.0, 0.0, 0.0, 0.0, 0.0, 0.0, 0.0, 0.0, 0.0, 0.0, 0.0, 0.0, 0.0, 0.0, 0.0, 0.0, 0.0, 0.0, 0.0, 0.0, 0.0, 0.0, 0.0, 0.0]
