global cost:
avg = [9.059363098570214, 5.689526626508318, 3.245868402655191, 2.31079756765831, 2.0634017451880347, 1.7847862094916065, 1.6213453619335956, 1.5162004733698928, 1.406904916225318, 1.331614011749899, 1.2600114547016552, 1.13972324367144, 1.0935612871073088, 1.0551786871689885, 1.0254493608913984, 0.994832006747614, 0.9632419486019034, 0.9415932976313764, 0.9081532183729996, 0.8615497903412858, 0.8310333644124485, 0.7929443755167073, 0.7665009258060418, 0.7529310144764182, 0.7391120049488151, 0.7250296539855637, 0.7250296539855637, 0.7106683069177879, 0.7106683069177879, 0.7106683069177879, 0.7106683069177879, 0.7106683069177879, 0.7106683069177879, 0.7106683069177879, 0.7106683069177879, 0.7106683069177879, 0.7106683069177879, 0.7106683069177879, 0.7106683069177879, 0.7106683069177879, 0.7106683069177879, 0.7106683069177879, 0.7106683069177879, 0.7106683069177879, 0.7106683069177879, 0.7106683069177879, 0.7106683069177879, 0.7106683069177879, 0.7106683069177879, 0.7106683069177879]
std = [0.0, 0.0, 0.0, 0.0, 0.0, 0.0, 0.0, 0.0, 0.0, 0.0, 0.0, 0.0, 0.0, 0.0, 0.0, 0.0, 0.0, 0.0, 0.0, 0.0, 0.0, 0.0, 0.0, 0.0, 0.0, 0.0, 0.0, 0.0, 0.0, 0.0, 0.0, 0.0, 0.0, 0.0, 0.0, 0.0, 0.0, 0.0, 0.0, 0.0, 0.0, 0.0, 0.0, 0.0, 0.0, 0.0, 0.0, 0.0, 0.0, 0.0]
