local cost:
avg = [0.006029953349999947, 0.00540553059999997, 0.005158987069999978, 0.0048479269399999865, 0.004804148069999987, 0.004884793179999985, 0.004654378389999989, 0.004698157099999991, 0.004707373769999991, 0.004721198629999991, 0.004723502729999991, 0.004735023449999991, 0.0047258068799999895, 0.004767281559999988, 0.004755760739999989, 0.004748848319999992, 0.004783410529999989, 0.00478801878999999, 0.00479493121999999, 0.0047672814899999885, 0.00477649806999999, 0.004774194019999989, 0.00478341057999999, 0.00477880229999999, 0.004721198599999993, 0.004721198589999993, 0.004721198589999993, 0.004769585639999994, 0.004769585639999994, 0.004769585639999994, 0.004771889789999993, 0.004771889789999993, 0.004771889789999993, 0.004771889789999993, 0.004771889789999993, 0.004771889789999993, 0.004771889789999993, 0.004771889789999993, 0.004771889789999993, 0.004771889789999993, 0.004771889789999993, 0.004771889789999993, 0.004771889789999993, 0.004781106339999994, 0.004781106339999994, 0.004781106339999994, 0.004781106339999994, 0.004781106339999994, 0.004781106339999994, 0.004781106339999994]
std = [0.0, 0.0, 0.0, 0.0, 0.0, 0.0, 0.0, 0.0, 0.0, 0.0, 0.0, 0.0, 0.0, 0.0, 0.0, 0.0, 0.0, 0.0, 0.0, 0.0, 0.0, 0.0, 0.0, 0.0, 0.0, 0.0, 0.0, 0.0, 0.0, 0.0, 0.0, 0.0, 0.0, 0.0, 0.0, 0.0, 0.0, 0.0, 0.0, 0.0, 0.0, 0.0, 0.0, 0.0, 0.0, 0.0, 0.0, 0.0, 0.0, 0.0]
