global cost:
avg = [9.059363098570214, 5.581596401423727, 3.2426907238671916, 2.328574590924604, 1.9947332293887121, 1.7819252879845335, 1.5925082336449015, 1.4287186963857026, 1.30818202333833, 1.1927616745901648, 1.1075644121194388, 1.0304127684502122, 0.9578207433951376, 0.9024011264248618, 0.8554844043983124, 0.8120178739175262, 0.7458419698946857, 0.7318891223097622, 0.7031533075747368, 0.6883356864584761, 0.6883356864584761, 0.6883356864584761, 0.6883356864584761, 0.6883356864584761, 0.6883356864584761, 0.6731919938258555, 0.6731919938258555, 0.6731919938258555, 0.6731919938258555, 0.6731919938258555, 0.6731919938258555, 0.6731919938258555, 0.6731919938258555, 0.6731919938258555, 0.6731919938258555, 0.6731919938258555, 0.6731919938258555, 0.6576997064391923, 0.6576997064391922, 0.6418335821294868, 0.6418335821294868, 0.6418335821294868, 0.6418335821294868, 0.6418335821294868, 0.6418335821294868, 0.6418335821294868, 0.6418335821294868, 0.6418335821294868, 0.6418335821294868, 0.6418335821294868]
std = [0.0, 0.0, 0.0, 0.0, 0.0, 0.0, 0.0, 0.0, 0.0, 0.0, 0.0, 0.0, 0.0, 0.0, 0.0, 0.0, 0.0, 0.0, 0.0, 0.0, 0.0, 0.0, 0.0, 0.0, 0.0, 0.0, 0.0, 0.0, 0.0, 0.0, 0.0, 0.0, 0.0, 0.0, 0.0, 0.0, 0.0, 0.0, 0.0, 0.0, 0.0, 0.0, 0.0, 0.0, 0.0, 0.0, 0.0, 0.0, 0.0, 0.0]
