local cost:
avg = [0.006029953349999947, 0.0053940098299999715, 0.005182028539999978, 0.00479262730999999, 0.0048041480199999854, 0.0047188945499999895, 0.004741935999999989, 0.004806452079999989, 0.004928572319999991, 0.0047672816799999886, 0.0047465442799999895, 0.00477188985999999, 0.004751152519999989, 0.00474424011999999, 0.004665899099999995, 0.004516129789999993, 0.004518433989999993, 0.004518433989999993, 0.004555300319999993, 0.004552996179999993, 0.004552996179999993, 0.004559908619999994, 0.004559908619999994, 0.004559908619999994, 0.0045806459299999915, 0.0045806459299999915, 0.0045806459299999915, 0.004603687439999991, 0.004603687439999991, 0.004603687439999991, 0.004603687439999991, 0.004603687439999991, 0.004601383299999991, 0.004601383299999991, 0.004601383299999991, 0.004601383299999991, 0.004601383299999991, 0.0046129039899999915, 0.004608295689999991, 0.004629033089999991, 0.004629033089999991, 0.004629033089999991, 0.004629033089999991, 0.004629033089999991, 0.004638249639999992, 0.004629033089999991, 0.004629033089999991, 0.004629033089999991, 0.004629033089999991, 0.004638249639999992]
std = [0.0, 0.0, 0.0, 0.0, 0.0, 0.0, 0.0, 0.0, 0.0, 0.0, 0.0, 0.0, 0.0, 0.0, 0.0, 0.0, 0.0, 0.0, 0.0, 0.0, 0.0, 0.0, 0.0, 0.0, 0.0, 0.0, 0.0, 0.0, 0.0, 0.0, 0.0, 0.0, 0.0, 0.0, 0.0, 0.0, 0.0, 0.0, 0.0, 0.0, 0.0, 0.0, 0.0, 0.0, 0.0, 0.0, 0.0, 0.0, 0.0, 0.0]
