global cost:
avg = [9.059363098570214, 5.581596401423727, 3.2426907238671916, 2.359362100739711, 2.015300196802363, 1.8106215826240217, 1.6181955076661558, 1.499140647308441, 1.3546407444011688, 1.2681669537881881, 1.1927616745901648, 1.112255996640097, 1.0745413790346707, 1.0254493608913984, 0.994832006747614, 0.9632419486019034, 0.9415932976313764, 0.8851582653058012, 0.8615497903412858, 0.8372758970823485, 0.8122769321068952, 0.7994843699109813, 0.7864837576396145, 0.7864837576396145, 0.7864837576396145, 0.7864837576396145, 0.7864837576396145, 0.7864837576396145, 0.7864837576396145, 0.7864837576396145, 0.773264601756667, 0.75981549578096, 0.75981549578096, 0.75981549578096, 0.7461240050607104, 0.7321765321469981, 0.7321765321469981, 0.717958158617738, 0.703452458112659, 0.703452458112659, 0.703452458112659, 0.703452458112659, 0.703452458112659, 0.703452458112659, 0.703452458112659, 0.703452458112659, 0.703452458112659, 0.703452458112659, 0.703452458112659, 0.703452458112659]
std = [0.0, 0.0, 0.0, 0.0, 0.0, 0.0, 0.0, 0.0, 0.0, 0.0, 0.0, 0.0, 0.0, 0.0, 0.0, 0.0, 0.0, 0.0, 0.0, 0.0, 0.0, 0.0, 0.0, 0.0, 0.0, 0.0, 0.0, 0.0, 0.0, 0.0, 0.0, 0.0, 0.0, 0.0, 0.0, 0.0, 0.0, 0.0, 0.0, 0.0, 0.0, 0.0, 0.0, 0.0, 0.0, 0.0, 0.0, 0.0, 0.0, 0.0]
