local cost:
avg = [0.006029953349999947, 0.005391705689999972, 0.005147466299999979, 0.004778802459999991, 0.004790323169999986, 0.004783410709999985, 0.004771890049999988, 0.004790323209999987, 0.004783410719999987, 0.004702765599999989, 0.00470506973999999, 0.004688940689999993, 0.004721198749999992, 0.004718894609999993, 0.004815668339999988, 0.004815668339999988, 0.0050276494899999654, 0.005013824529999967, 0.0049930872299999715, 0.004995391429999967, 0.004990783139999967, 0.004990783139999967, 0.0050138245899999665, 0.0050138245899999665, 0.0050138245899999665, 0.0050138245899999665, 0.0050161287299999675, 0.0050161287299999675, 0.0050161287299999675, 0.005027649479999968, 0.005020737019999968, 0.005023041159999967, 0.005023041159999967, 0.005023041159999967, 0.005023041159999967, 0.005041474369999964, 0.005041474369999964, 0.005041474369999964, 0.005039170229999964, 0.0050414743699999645, 0.0050414743699999645, 0.0050414743699999645, 0.005018432919999965, 0.005020737069999964, 0.005020737069999964, 0.005020737069999964, 0.005020737069999964, 0.005020737069999964, 0.005020737069999964, 0.005020737069999964]
std = [0.0, 0.0, 0.0, 0.0, 0.0, 0.0, 0.0, 0.0, 0.0, 0.0, 0.0, 0.0, 0.0, 0.0, 0.0, 0.0, 0.0, 0.0, 0.0, 0.0, 0.0, 0.0, 0.0, 0.0, 0.0, 0.0, 0.0, 0.0, 0.0, 0.0, 0.0, 0.0, 0.0, 0.0, 0.0, 0.0, 0.0, 0.0, 0.0, 0.0, 0.0, 0.0, 0.0, 0.0, 0.0, 0.0, 0.0, 0.0, 0.0, 0.0]
