global cost:
avg = [9.059363098570214, 5.533365694959939, 3.2299487463193914, 2.3063319019591546, 2.0305887208725304, 1.734903020770633, 1.585888751033415, 1.4712333828243558, 1.331456003560467, 1.1796810503698556, 1.0696843927950683, 0.9791106627343388, 0.9469963145530097, 0.9249675163890464, 0.9024011264248616, 0.8674515103853161, 0.8554844043983122, 0.8310333644124485, 0.818533992003779, 0.818533992003779, 0.8185339920037789, 0.8058407655142618, 0.8058407655142618, 0.8058407655142618, 0.8058407655142618, 0.792944375516707, 0.7929443755167069, 0.7798347427260147, 0.752931014476418, 0.7391120049488149, 0.7391120049488149, 0.7391120049488149, 0.7391120049488149, 0.7391120049488149, 0.7391120049488149, 0.7391120049488149, 0.7391120049488149, 0.7391120049488149, 0.7391120049488149, 0.7391120049488149, 0.7391120049488149, 0.7391120049488149, 0.7391120049488149, 0.7391120049488149, 0.7391120049488149, 0.7391120049488149, 0.7391120049488149, 0.7391120049488149, 0.7391120049488149, 0.7391120049488149]
std = [0.0, 0.0, 0.0, 0.0, 0.0, 0.0, 0.0, 0.0, 0.0, 0.0, 0.0, 0.0, 0.0, 0.0, 0.0, 0.0, 0.0, 0.0, 0.0, 0.0, 0.0, 0.0, 0.0, 0.0, 0.0, 0.0, 0.0, 0.0, 0.0, 0.0, 0.0, 0.0, 0.0, 0.0, 0.0, 0.0, 0.0, 0.0, 0.0, 0.0, 0.0, 0.0, 0.0, 0.0, 0.0, 0.0, 0.0, 0.0, 0.0, 0.0]
