local cost:
avg = [0.006029953349999947, 0.00540092223999997, 0.005145162159999978, 0.0047834107299999885, 0.004728111469999987, 0.00466589944999999, 0.004725807279999986, 0.004820277329999983, 0.004769586109999986, 0.004762673679999987, 0.00498617568999997, 0.0050046088599999695, 0.005002304719999971, 0.005002304719999971, 0.005025346219999974, 0.005023042079999973, 0.005029954519999974, 0.005036866919999976, 0.005036866919999976, 0.005041475229999976, 0.0050483876399999746, 0.005101382989999975, 0.005101382989999975, 0.005101382989999975, 0.005105991249999976, 0.005101382959999979, 0.005103687099999978, 0.005103687099999978, 0.005071429049999978, 0.005064516609999979, 0.005064516609999979, 0.005064516609999979, 0.005041475159999979, 0.004988479809999978, 0.004988479809999978, 0.004976959059999978, 0.004974654919999977, 0.004986175669999977, 0.004986175669999977, 0.004986175669999977, 0.004974654919999977, 0.004986175669999977, 0.004981567359999978, 0.004974654919999977, 0.004974654919999977, 0.004974654919999977, 0.004974654919999977, 0.004974654919999977, 0.004974654919999977, 0.004974654919999977]
std = [0.0, 0.0, 0.0, 0.0, 0.0, 0.0, 0.0, 0.0, 0.0, 0.0, 0.0, 0.0, 0.0, 0.0, 0.0, 0.0, 0.0, 0.0, 0.0, 0.0, 0.0, 0.0, 0.0, 0.0, 0.0, 0.0, 0.0, 0.0, 0.0, 0.0, 0.0, 0.0, 0.0, 0.0, 0.0, 0.0, 0.0, 0.0, 0.0, 0.0, 0.0, 0.0, 0.0, 0.0, 0.0, 0.0, 0.0, 0.0, 0.0, 0.0]
