global cost:
avg = [9.059363098570214, 5.6037167191783235, 3.2868986787652528, 2.398365387658057, 2.0583994280372298, 1.8077433557879672, 1.6775958371946622, 1.522984711725012, 1.3809820049977113, 1.296266629369189, 1.2393455036869025, 1.1531659509795773, 1.1075644121194388, 1.0792790449602851, 1.0304127684502122, 0.9685242037135908, 0.9249675163890465, 0.8792557532201865, 0.8674515103853161, 0.8433475022004301, 0.818533992003779, 0.7929443755167072, 0.7798347427260149, 0.773264601756667, 0.773264601756667, 0.773264601756667, 0.773264601756667, 0.773264601756667, 0.773264601756667, 0.773264601756667, 0.773264601756667, 0.773264601756667, 0.773264601756667, 0.773264601756667, 0.773264601756667, 0.773264601756667, 0.773264601756667, 0.773264601756667, 0.773264601756667, 0.773264601756667, 0.773264601756667, 0.773264601756667, 0.773264601756667, 0.773264601756667, 0.773264601756667, 0.773264601756667, 0.773264601756667, 0.773264601756667, 0.773264601756667, 0.773264601756667]
std = [0.0, 0.0, 0.0, 0.0, 0.0, 0.0, 0.0, 0.0, 0.0, 0.0, 0.0, 0.0, 0.0, 0.0, 0.0, 0.0, 0.0, 0.0, 0.0, 0.0, 0.0, 0.0, 0.0, 0.0, 0.0, 0.0, 0.0, 0.0, 0.0, 0.0, 0.0, 0.0, 0.0, 0.0, 0.0, 0.0, 0.0, 0.0, 0.0, 0.0, 0.0, 0.0, 0.0, 0.0, 0.0, 0.0, 0.0, 0.0, 0.0, 0.0]
