local cost:
avg = [0.006029953349999947, 0.005396313979999971, 0.005149770449999978, 0.004767281709999989, 0.00471428627999999, 0.004656682509999992, 0.0047096779499999865, 0.004605991659999987, 0.004605991669999987, 0.004571429429999988, 0.004518434049999988, 0.004513825759999988, 0.00458064603999999, 0.004631337229999989, 0.004573733529999988, 0.004670507679999989, 0.004684332539999989, 0.004781106349999992, 0.004645161959999991, 0.004670507589999989, 0.00466820343999999, 0.0046797241499999895, 0.0046797241599999895, 0.00468433241999999, 0.00468894070999999, 0.0046958531499999906, 0.0046958531499999906, 0.004693549009999991, 0.004693549009999991, 0.004693549009999991, 0.004693549009999991, 0.004693549009999991, 0.004693549009999991, 0.004693549009999991, 0.004693549009999991, 0.004693549009999991, 0.004693549009999991, 0.004693549009999991, 0.004693549009999991, 0.004693549009999991, 0.004693549009999991, 0.004693549009999991, 0.004695853149999991, 0.004695853149999991, 0.004695853149999991, 0.004695853149999991, 0.004700461459999992, 0.004700461459999992, 0.004700461459999992, 0.004700461459999992]
std = [0.0, 0.0, 0.0, 0.0, 0.0, 0.0, 0.0, 0.0, 0.0, 0.0, 0.0, 0.0, 0.0, 0.0, 0.0, 0.0, 0.0, 0.0, 0.0, 0.0, 0.0, 0.0, 0.0, 0.0, 0.0, 0.0, 0.0, 0.0, 0.0, 0.0, 0.0, 0.0, 0.0, 0.0, 0.0, 0.0, 0.0, 0.0, 0.0, 0.0, 0.0, 0.0, 0.0, 0.0, 0.0, 0.0, 0.0, 0.0, 0.0, 0.0]
