global cost:
avg = [9.059363098570214, 5.60923316852685, 3.3087811685537596, 2.5035216097014135, 2.110357374337977, 1.7877013980695418, 1.6181955076661558, 1.5263999827098056, 1.4214846311870666, 1.3393335779370614, 1.284322598135871, 1.2013737840789456, 1.1576727454540037, 1.112255996640097, 1.0551786871689885, 0.994832006747614, 0.9415932976313764, 0.9194350573815793, 0.8734337971123766, 0.8615497903412858, 0.8494995494619656, 0.8372758970823485, 0.8372758970823485, 0.8372758970823485, 0.8372758970823485, 0.8372758970823485, 0.8372758970823485, 0.8372758970823485, 0.8372758970823485, 0.8372758970823485, 0.8372758970823485, 0.8372758970823485, 0.8372758970823485, 0.8372758970823485, 0.8248711239545367, 0.8122769321068952, 0.8122769321068952, 0.8122769321068952, 0.8122769321068952, 0.8122769321068952, 0.7994843699109813, 0.7994843699109813, 0.7864837576396145, 0.7864837576396145, 0.773264601756667, 0.7665009258060418, 0.7665009258060418, 0.7665009258060418, 0.7665009258060418, 0.7665009258060418]
std = [0.0, 0.0, 0.0, 0.0, 0.0, 0.0, 0.0, 0.0, 0.0, 0.0, 0.0, 0.0, 0.0, 0.0, 0.0, 0.0, 0.0, 0.0, 0.0, 0.0, 0.0, 0.0, 0.0, 0.0, 0.0, 0.0, 0.0, 0.0, 0.0, 0.0, 0.0, 0.0, 0.0, 0.0, 0.0, 0.0, 0.0, 0.0, 0.0, 0.0, 0.0, 0.0, 0.0, 0.0, 0.0, 0.0, 0.0, 0.0, 0.0, 0.0]
