local cost:
avg = [0.006029953349999947, 0.0053940098299999715, 0.005140553869999977, 0.004933180289999992, 0.00486866408999999, 0.004923963559999991, 0.004889401399999984, 0.004970046949999984, 0.004986176019999982, 0.004949309669999983, 0.004781106999999988, 0.004838710609999988, 0.004838710609999988, 0.004824885669999989, 0.0048064524999999894, 0.00479954005999999, 0.00485944781999999, 0.0048525353799999905, 0.0048525353799999905, 0.0048064524799999895, 0.00481336491999999, 0.00481336491999999, 0.00481797322999999, 0.00481797322999999, 0.00480875661999999, 0.00480875661999999, 0.00480875661999999, 0.00480875661999999, 0.00482027736999999, 0.00480875661999999, 0.00480875661999999, 0.004801844179999989, 0.004801844179999989, 0.004801844179999989, 0.004801844179999989, 0.004801844179999989, 0.004801844179999989, 0.004801844179999989, 0.0048041483199999895, 0.0048525353699999905, 0.0047834109999999935, 0.004781106859999993, 0.004792627609999994, 0.004781106859999993, 0.004781106859999993, 0.004640554119999993, 0.004640554119999993, 0.004640554119999993, 0.004645162409999993, 0.004635945859999993]
std = [0.0, 0.0, 0.0, 0.0, 0.0, 0.0, 0.0, 0.0, 0.0, 0.0, 0.0, 0.0, 0.0, 0.0, 0.0, 0.0, 0.0, 0.0, 0.0, 0.0, 0.0, 0.0, 0.0, 0.0, 0.0, 0.0, 0.0, 0.0, 0.0, 0.0, 0.0, 0.0, 0.0, 0.0, 0.0, 0.0, 0.0, 0.0, 0.0, 0.0, 0.0, 0.0, 0.0, 0.0, 0.0, 0.0, 0.0, 0.0, 0.0, 0.0]
