global cost:
avg = [9.059363098570214, 5.501601625912401, 3.2267553900395325, 2.372434444301885, 1.9634788810224917, 1.6433533220106997, 1.5058620289528364, 1.3468527027181822, 1.2433708078066938, 1.1925852696975947, 1.1574909929220014, 1.0887891501991631, 1.030412768450212, 0.9999474002577023, 0.9685242037135905, 0.9249675163890465, 0.8909036066106301, 0.8792557532201865, 0.8554844043983124, 0.8433475022004301, 0.8185339920037791, 0.7929443755167072, 0.7665009258060416, 0.7391120049488149, 0.7391120049488149, 0.7391120049488149, 0.7391120049488149, 0.7391120049488149, 0.7391120049488149, 0.7391120049488149, 0.7391120049488149, 0.7391120049488149, 0.7391120049488149, 0.7391120049488149, 0.7391120049488149, 0.7391120049488149, 0.7391120049488149, 0.7391120049488149, 0.7250296539855636, 0.7250296539855636, 0.7250296539855636, 0.7250296539855636, 0.7250296539855636, 0.7250296539855636, 0.7250296539855635, 0.7250296539855635, 0.7250296539855635, 0.7250296539855635, 0.7250296539855635, 0.7250296539855635]
std = [0.0, 0.0, 0.0, 0.0, 0.0, 0.0, 0.0, 0.0, 0.0, 0.0, 0.0, 0.0, 0.0, 0.0, 0.0, 0.0, 0.0, 0.0, 0.0, 0.0, 0.0, 0.0, 0.0, 0.0, 0.0, 0.0, 0.0, 0.0, 0.0, 0.0, 0.0, 0.0, 0.0, 0.0, 0.0, 0.0, 0.0, 0.0, 0.0, 0.0, 0.0, 0.0, 0.0, 0.0, 0.0, 0.0, 0.0, 0.0, 0.0, 0.0]
