local cost:
avg = [0.006029953349999947, 0.005382489079999973, 0.005147466299999978, 0.004864055929999985, 0.004774194139999987, 0.0048917055899999826, 0.0048870973099999805, 0.00487788079999998, 0.004870968359999981, 0.004735023939999981, 0.004723503189999983, 0.004739632179999983, 0.004748848799999981, 0.004783411079999982, 0.004783411069999982, 0.004755761259999984, 0.0047488488499999836, 0.0047488488499999836, 0.004758065449999985, 0.004723503209999984, 0.004801844229999986, 0.004859447889999989, 0.004891705919999988, 0.004891705919999988, 0.004891705919999988, 0.004891705919999988, 0.004891705919999988, 0.004891705919999988, 0.004891705919999988, 0.004891705919999988, 0.004891705919999988, 0.0048686644699999886, 0.0048686644699999886, 0.0048686644699999886, 0.0048686644699999886, 0.0048686644699999886, 0.0048686644699999886, 0.0048686644699999886, 0.0048686644699999886, 0.0048686644699999886, 0.0048686644699999886, 0.0048686644699999886, 0.0048686644699999886, 0.0048686644699999886, 0.004882489369999988, 0.004882489369999988, 0.004882489369999988, 0.004882489369999988, 0.004882489369999988, 0.00492857227999999]
std = [0.0, 0.0, 0.0, 0.0, 0.0, 0.0, 0.0, 0.0, 0.0, 0.0, 0.0, 0.0, 0.0, 0.0, 0.0, 0.0, 0.0, 0.0, 0.0, 0.0, 0.0, 0.0, 0.0, 0.0, 0.0, 0.0, 0.0, 0.0, 0.0, 0.0, 0.0, 0.0, 0.0, 0.0, 0.0, 0.0, 0.0, 0.0, 0.0, 0.0, 0.0, 0.0, 0.0, 0.0, 0.0, 0.0, 0.0, 0.0, 0.0, 0.0]
