global cost:
avg = [9.059363098570214, 5.60923316852685, 3.271178708197339, 2.18230745108628, 1.931718917445069, 1.7140709241974343, 1.5957087941913017, 1.4537182894693899, 1.3620753709767073, 1.2761054785988475, 1.1617093842509678, 1.0788890967784803, 1.0097879907387832, 0.946551871813734, 0.9245124837621296, 0.89043116664284, 0.8492518458411689, 0.7992211651730131, 0.7862162006467927, 0.7862162006467927, 0.7862162006467927, 0.7862162006467927, 0.7729924692119885, 0.7595385446160162, 0.7458419698946857, 0.7458419698946855, 0.7318891223097624, 0.7318891223097622, 0.717665054642013, 0.7176650546420127, 0.7176650546420127, 0.7176650546420127, 0.7176650546420127, 0.7176650546420127, 0.7176650546420127, 0.7176650546420127, 0.7176650546420127, 0.7176650546420127, 0.7176650546420127, 0.7176650546420127, 0.7176650546420127, 0.7176650546420127, 0.7176650546420127, 0.7176650546420127, 0.7176650546420127, 0.7176650546420127, 0.7176650546420127, 0.7176650546420127, 0.7176650546420127, 0.7176650546420127]
std = [0.0, 0.0, 0.0, 0.0, 0.0, 0.0, 0.0, 0.0, 0.0, 0.0, 0.0, 0.0, 0.0, 0.0, 0.0, 0.0, 0.0, 0.0, 0.0, 0.0, 0.0, 0.0, 0.0, 0.0, 0.0, 0.0, 0.0, 0.0, 0.0, 0.0, 0.0, 0.0, 0.0, 0.0, 0.0, 0.0, 0.0, 0.0, 0.0, 0.0, 0.0, 0.0, 0.0, 0.0, 0.0, 0.0, 0.0, 0.0, 0.0, 0.0]
