local cost:
avg = [0.006029953349999947, 0.005396313989999971, 0.005135945589999977, 0.005142857319999975, 0.005087557709999979, 0.005078341099999977, 0.005046083029999977, 0.0049976959999999794, 0.004857143299999978, 0.004831797699999981, 0.004947004979999977, 0.004953917429999978, 0.005006912809999979, 0.005011521099999979, 0.0050437791299999795, 0.005039170839999979, 0.005009216979999979, 0.005009216979999979, 0.00498156722999998, 0.00498156722999998, 0.00498156722999998, 0.00498156722999998, 0.00498847968999998, 0.005064516579999979, 0.0050691248599999805, 0.00508064560999998, 0.005078341459999979, 0.005062212409999978, 0.0049746548099999805, 0.004933180109999982, 0.004933180109999982, 0.004933180109999982, 0.0049447008599999825, 0.004933180109999982, 0.004933180109999982, 0.0049447008599999825, 0.0049447008599999825, 0.004933180109999982, 0.0049447008599999825, 0.0049447008599999825, 0.0049447008599999825, 0.004933180109999982, 0.0049447008599999825, 0.0049447008599999825, 0.0049447008599999825, 0.0049447008599999825, 0.0049447008599999825, 0.0049447008599999825, 0.0049447008599999825, 0.0049447008599999825]
std = [0.0, 0.0, 0.0, 0.0, 0.0, 0.0, 0.0, 0.0, 0.0, 0.0, 0.0, 0.0, 0.0, 0.0, 0.0, 0.0, 0.0, 0.0, 0.0, 0.0, 0.0, 0.0, 0.0, 0.0, 0.0, 0.0, 0.0, 0.0, 0.0, 0.0, 0.0, 0.0, 0.0, 0.0, 0.0, 0.0, 0.0, 0.0, 0.0, 0.0, 0.0, 0.0, 0.0, 0.0, 0.0, 0.0, 0.0, 0.0, 0.0, 0.0]
