global cost:
avg = [9.059363098570214, 5.581596401423727, 3.2426907238671916, 2.350606817186754, 1.9739519826032743, 1.7643642693571595, 1.5988371537015227, 1.4782240098976305, 1.3696232594850182, 1.315879164670962, 1.2352219217113534, 1.1665439307064442, 1.1214864951317456, 1.0649040419477716, 0.9632419486019034, 0.9081532183729996, 0.8851582653058012, 0.8615497903412858, 0.8248711239545367, 0.8122769321068952, 0.7864837576396145, 0.773264601756667, 0.752931014476418, 0.7391120049488149, 0.7391120049488149, 0.7391120049488149, 0.7391120049488149, 0.7391120049488149, 0.7391120049488149, 0.7391120049488149, 0.7250296539855634, 0.6810376854883535, 0.6810376854883533, 0.6657280017802333, 0.6576997064391923, 0.6418335821294868, 0.6418335821294868, 0.6418335821294868, 0.6255651768186412, 0.608862245296181, 0.608862245296181, 0.608862245296181, 0.608862245296181, 0.608862245296181, 0.608862245296181, 0.608862245296181, 0.608862245296181, 0.608862245296181, 0.608862245296181, 0.608862245296181]
std = [0.0, 0.0, 0.0, 0.0, 0.0, 0.0, 0.0, 0.0, 0.0, 0.0, 0.0, 0.0, 0.0, 0.0, 0.0, 0.0, 0.0, 0.0, 0.0, 0.0, 0.0, 0.0, 0.0, 0.0, 0.0, 0.0, 0.0, 0.0, 0.0, 0.0, 0.0, 0.0, 0.0, 0.0, 0.0, 0.0, 0.0, 0.0, 0.0, 0.0, 0.0, 0.0, 0.0, 0.0, 0.0, 0.0, 0.0, 0.0, 0.0, 0.0]
