local cost:
avg = [0.006029953349999947, 0.0053940098399999714, 0.005145162159999978, 0.004776498319999991, 0.004783410739999988, 0.0048133647599999845, 0.004801844019999985, 0.004873272579999985, 0.0049078347599999855, 0.004900922279999985, 0.004820277069999989, 0.004944701469999984, 0.004905530959999984, 0.004905530979999985, 0.004896314429999986, 0.0048917061499999855, 0.004884793709999986, 0.004877881299999986, 0.004877881299999986, 0.004870968859999985, 0.004866360579999986, 0.004898618609999986, 0.004896314469999986, 0.004875577119999986, 0.004875577119999986, 0.004875577119999986, 0.004875577119999986, 0.004875577119999986, 0.004875577119999986, 0.004875577119999986, 0.0048755771299999855, 0.0048755771299999855, 0.0048755771299999855, 0.004912443519999984, 0.004767282519999984, 0.004748849369999985, 0.004748849369999985, 0.004845623519999986, 0.004748849369999985, 0.004753457669999984, 0.004748849359999984, 0.004748849359999984, 0.004741936919999984, 0.004741936919999984, 0.004741936919999984, 0.004741936919999984, 0.004753457669999984, 0.004741936919999984, 0.004741936919999984, 0.004748849359999984]
std = [0.0, 0.0, 0.0, 0.0, 0.0, 0.0, 0.0, 0.0, 0.0, 0.0, 0.0, 0.0, 0.0, 0.0, 0.0, 0.0, 0.0, 0.0, 0.0, 0.0, 0.0, 0.0, 0.0, 0.0, 0.0, 0.0, 0.0, 0.0, 0.0, 0.0, 0.0, 0.0, 0.0, 0.0, 0.0, 0.0, 0.0, 0.0, 0.0, 0.0, 0.0, 0.0, 0.0, 0.0, 0.0, 0.0, 0.0, 0.0, 0.0, 0.0]
