global cost:
avg = [9.059363098570214, 5.60923316852685, 3.252214445690417, 2.3854351516260275, 1.9102522737091625, 1.6927960877116446, 1.5628026742399062, 1.488471724588701, 1.4247740398360658, 1.3273808147918147, 1.2598444662369763, 1.2097506928709512, 1.1574909929220012, 1.112066821369294, 1.0352507723166195, 0.9842008829893433, 0.9630235016212955, 0.9192061998653064, 0.8792557532201863, 0.8674515103853161, 0.8310333644124485, 0.818533992003779, 0.8058407655142618, 0.8058407655142618, 0.8058407655142618, 0.8058407655142618, 0.8058407655142618, 0.8058407655142618, 0.8058407655142618, 0.8058407655142618, 0.8058407655142618, 0.8058407655142618, 0.8058407655142618, 0.8058407655142618, 0.8058407655142618, 0.8058407655142618, 0.8058407655142618, 0.8058407655142618, 0.8058407655142618, 0.8058407655142618, 0.8058407655142618, 0.8058407655142618, 0.7929443755167072, 0.7929443755167069, 0.7929443755167069, 0.7929443755167069, 0.7929443755167069, 0.7929443755167069, 0.7929443755167069, 0.7929443755167069]
std = [0.0, 0.0, 0.0, 0.0, 0.0, 0.0, 0.0, 0.0, 0.0, 0.0, 0.0, 0.0, 0.0, 0.0, 0.0, 0.0, 0.0, 0.0, 0.0, 0.0, 0.0, 0.0, 0.0, 0.0, 0.0, 0.0, 0.0, 0.0, 0.0, 0.0, 0.0, 0.0, 0.0, 0.0, 0.0, 0.0, 0.0, 0.0, 0.0, 0.0, 0.0, 0.0, 0.0, 0.0, 0.0, 0.0, 0.0, 0.0, 0.0, 0.0]
