local cost:
avg = [0.006029953349999947, 0.0053940098299999715, 0.005145162159999978, 0.0048156688299999875, 0.0047949314199999885, 0.004785714869999988, 0.004774194199999987, 0.004778802489999987, 0.0047695859099999875, 0.004732719549999988, 0.004711982169999988, 0.004737327709999988, 0.004755760899999988, 0.004847926769999987, 0.004806452139999989, 0.004822581189999987, 0.004877880789999989, 0.004778802489999989, 0.004778802509999989, 0.004781106649999988, 0.0047880190899999885, 0.0047880190899999885, 0.004732719579999988, 0.004732719579999988, 0.004732719579999988, 0.004732719579999988, 0.004735023719999988, 0.004735023719999988, 0.004735023719999988, 0.004735023719999988, 0.004735023719999988, 0.004735023719999988, 0.004735023719999988, 0.004735023719999988, 0.004735023719999988, 0.004735023719999988, 0.004735023719999988, 0.004735023719999988, 0.004735023719999988, 0.004735023719999988, 0.004735023719999988, 0.004737327859999989, 0.004737327859999989, 0.004746544439999989, 0.004746544439999989, 0.004746544439999989, 0.004746544439999989, 0.004746544439999989, 0.004746544439999989, 0.004746544439999989]
std = [0.0, 0.0, 0.0, 0.0, 0.0, 0.0, 0.0, 0.0, 0.0, 0.0, 0.0, 0.0, 0.0, 0.0, 0.0, 0.0, 0.0, 0.0, 0.0, 0.0, 0.0, 0.0, 0.0, 0.0, 0.0, 0.0, 0.0, 0.0, 0.0, 0.0, 0.0, 0.0, 0.0, 0.0, 0.0, 0.0, 0.0, 0.0, 0.0, 0.0, 0.0, 0.0, 0.0, 0.0, 0.0, 0.0, 0.0, 0.0, 0.0, 0.0]
