global cost:
avg = [9.059363098570214, 5.581596401423727, 3.2426907238671916, 2.359362100739711, 1.9895582674871546, 1.7875837048340828, 1.6340128200432344, 1.522984711725012, 1.4322853050404154, 1.343137563551234, 1.2476360984718153, 1.2141340977856807, 1.1531659509795773, 1.1075644121194388, 1.0502321585189116, 1.0102046129290683, 0.9578207433951375, 0.9305801316615883, 0.9081532183729996, 0.8734337971123766, 0.8494995494619656, 0.8372758970823485, 0.8248711239545367, 0.7994843699109813, 0.7798347427260149, 0.7798347427260148, 0.7665009258060416, 0.7529310144764179, 0.7391120049488149, 0.7250296539855636, 0.7106683069177879, 0.7106683069177879, 0.7106683069177879, 0.7106683069177879, 0.7106683069177879, 0.7031533075747369, 0.6883356864584762, 0.6883356864584762, 0.6883356864584761, 0.6883356864584761, 0.6883356864584761, 0.6883356864584761, 0.6883356864584761, 0.6883356864584761, 0.6883356864584761, 0.6883356864584761, 0.6883356864584761, 0.6883356864584761, 0.6883356864584761, 0.6883356864584761]
std = [0.0, 0.0, 0.0, 0.0, 0.0, 0.0, 0.0, 0.0, 0.0, 0.0, 0.0, 0.0, 0.0, 0.0, 0.0, 0.0, 0.0, 0.0, 0.0, 0.0, 0.0, 0.0, 0.0, 0.0, 0.0, 0.0, 0.0, 0.0, 0.0, 0.0, 0.0, 0.0, 0.0, 0.0, 0.0, 0.0, 0.0, 0.0, 0.0, 0.0, 0.0, 0.0, 0.0, 0.0, 0.0, 0.0, 0.0, 0.0, 0.0, 0.0]
