local cost:
avg = [0.006029953349999947, 0.0053940098299999715, 0.005149770439999978, 0.00478110660999999, 0.004797235609999986, 0.004785714869999987, 0.004714286299999991, 0.004709677959999992, 0.00470506968999999, 0.004686636529999993, 0.004693548969999991, 0.004695853129999991, 0.004698157249999991, 0.004661290909999991, 0.004656682579999992, 0.004693548949999993, 0.004705069679999994, 0.004700461389999994, 0.004668203279999993, 0.0046612908199999935, 0.0046589866799999925, 0.004626728629999995, 0.004626728629999995, 0.004626728629999995, 0.004502304929999996, 0.004520738029999995, 0.0045483877699999935, 0.0045483877699999935, 0.0045483877699999935, 0.004564516779999994, 0.004564516779999994, 0.004564516779999994, 0.004564516779999994, 0.004564516779999994, 0.004564516779999994, 0.004564516779999994, 0.004645161479999994, 0.004645161479999994, 0.004645161479999994, 0.004645161479999994, 0.004645161479999994, 0.004645161479999994, 0.004645161479999994, 0.004645161479999994, 0.004564516779999994, 0.004564516779999994, 0.004564516779999994, 0.004564516779999994, 0.004564516779999994, 0.004564516779999994]
std = [0.0, 0.0, 0.0, 0.0, 0.0, 0.0, 0.0, 0.0, 0.0, 0.0, 0.0, 0.0, 0.0, 0.0, 0.0, 0.0, 0.0, 0.0, 0.0, 0.0, 0.0, 0.0, 0.0, 0.0, 0.0, 0.0, 0.0, 0.0, 0.0, 0.0, 0.0, 0.0, 0.0, 0.0, 0.0, 0.0, 0.0, 0.0, 0.0, 0.0, 0.0, 0.0, 0.0, 0.0, 0.0, 0.0, 0.0, 0.0, 0.0, 0.0]
