global cost:
avg = [9.059363098570214, 5.441307438089579, 3.191417588382604, 2.38110946953559, 2.01017818278147, 1.7933415900183034, 1.6682578840718023, 1.5530455071082654, 1.4213366138355763, 1.3236904973278987, 1.2350515815158647, 1.1485498865937558, 1.1027574794529278, 1.03525077231662, 0.99462049786742, 0.9630235016212956, 0.9413698270461403, 0.9079215170761112, 0.8731928830829385, 0.8613055522668267, 0.8246160223174, 0.8120178739175264, 0.7992211651730132, 0.7862162006467927, 0.7595385446160161, 0.7458419698946857, 0.7458419698946855, 0.7318891223097622, 0.7176650546420128, 0.7031533075747368, 0.7031533075747367, 0.7031533075747367, 0.7031533075747367, 0.7031533075747367, 0.7031533075747367, 0.7031533075747367, 0.7031533075747367, 0.7031533075747367, 0.7031533075747367, 0.7031533075747367, 0.7031533075747367, 0.7031533075747367, 0.7031533075747367, 0.7031533075747367, 0.7031533075747367, 0.7031533075747367, 0.7031533075747367, 0.7031533075747367, 0.7031533075747367, 0.7031533075747367]
std = [0.0, 0.0, 0.0, 0.0, 0.0, 0.0, 0.0, 0.0, 0.0, 0.0, 0.0, 0.0, 0.0, 0.0, 0.0, 0.0, 0.0, 0.0, 0.0, 0.0, 0.0, 0.0, 0.0, 0.0, 0.0, 0.0, 0.0, 0.0, 0.0, 0.0, 0.0, 0.0, 0.0, 0.0, 0.0, 0.0, 0.0, 0.0, 0.0, 0.0, 0.0, 0.0, 0.0, 0.0, 0.0, 0.0, 0.0, 0.0, 0.0, 0.0]
