local cost:
avg = [0.006029953349999947, 0.005396313979999971, 0.005161291229999977, 0.0048433186499999845, 0.004834101969999985, 0.004988480239999987, 0.004947005629999988, 0.00491935586999999, 0.004785714869999988, 0.004739631969999988, 0.00476728163999999, 0.0048571433499999895, 0.004923963869999987, 0.004900922419999987, 0.004847927089999992, 0.004979263939999992, 0.004930876839999993, 0.004815668979999993, 0.004956222439999994, 0.004725807289999992, 0.0047304155699999925, 0.0048271897099999945, 0.004942396699999992, 0.004923963569999991, 0.004926267709999992, 0.004923963569999991, 0.004923963569999991, 0.004926267709999992, 0.00469585329999999, 0.004739632039999988, 0.004739632039999988, 0.0047442403299999885, 0.0047442403299999885, 0.0047442403299999885, 0.0047442403299999885, 0.0047442403299999885, 0.004739632039999988, 0.0048709688899999885, 0.004739632039999988, 0.004739632039999988, 0.004739632039999988, 0.004739632039999988, 0.004739632039999988, 0.004735023749999988, 0.004831797899999989, 0.004831797899999989, 0.004963134749999989, 0.004820277649999988, 0.0046958532399999885, 0.0046958532399999885]
std = [0.0, 0.0, 0.0, 0.0, 0.0, 0.0, 0.0, 0.0, 0.0, 0.0, 0.0, 0.0, 0.0, 0.0, 0.0, 0.0, 0.0, 0.0, 0.0, 0.0, 0.0, 0.0, 0.0, 0.0, 0.0, 0.0, 0.0, 0.0, 0.0, 0.0, 0.0, 0.0, 0.0, 0.0, 0.0, 0.0, 0.0, 0.0, 0.0, 0.0, 0.0, 0.0, 0.0, 0.0, 0.0, 0.0, 0.0, 0.0, 0.0, 0.0]
