global cost:
avg = [9.059363098570214, 5.596352994763156, 3.277475744283346, 2.42401895061123, 2.045762992977884, 1.7818072132212606, 1.605272188993947, 1.499000298045642, 1.4140647839220633, 1.2921618729524782, 1.1925852696975945, 1.1027574794529276, 1.0403696603064998, 0.9685242037135907, 0.9360467205625754, 0.9137539875009522, 0.9024011264248616, 0.8674515103853161, 0.8310333644124487, 0.8310333644124485, 0.818533992003779, 0.7994843699109813, 0.7994843699109813, 0.7994843699109813, 0.7864837576396145, 0.7864837576396145, 0.7864837576396145, 0.7864837576396145, 0.7864837576396145, 0.7864837576396145, 0.773264601756667, 0.773264601756667, 0.773264601756667, 0.773264601756667, 0.773264601756667, 0.773264601756667, 0.773264601756667, 0.773264601756667, 0.773264601756667, 0.773264601756667, 0.773264601756667, 0.773264601756667, 0.773264601756667, 0.773264601756667, 0.773264601756667, 0.773264601756667, 0.773264601756667, 0.773264601756667, 0.773264601756667, 0.773264601756667]
std = [0.0, 0.0, 0.0, 0.0, 0.0, 0.0, 0.0, 0.0, 0.0, 0.0, 0.0, 0.0, 0.0, 0.0, 0.0, 0.0, 0.0, 0.0, 0.0, 0.0, 0.0, 0.0, 0.0, 0.0, 0.0, 0.0, 0.0, 0.0, 0.0, 0.0, 0.0, 0.0, 0.0, 0.0, 0.0, 0.0, 0.0, 0.0, 0.0, 0.0, 0.0, 0.0, 0.0, 0.0, 0.0, 0.0, 0.0, 0.0, 0.0, 0.0]
