local cost:
avg = [0.006029953349999947, 0.005405530539999969, 0.005145162169999977, 0.00483640617999999, 0.004755760969999992, 0.004771890039999991, 0.004790323189999989, 0.00479493150999999, 0.00479493149999999, 0.004778802509999991, 0.004836406189999989, 0.004891705769999986, 0.004891705779999986, 0.004889401589999988, 0.0049124430099999885, 0.0049124430099999885, 0.004896313999999988, 0.00488940158999999, 0.0048548393599999904, 0.004850231069999992, 0.004847926929999991, 0.004829493719999993, 0.004829493719999993, 0.004829493719999993, 0.004790323209999993, 0.004693549059999993, 0.004790323209999993, 0.004790323209999993, 0.004790323209999993, 0.004790323209999993, 0.004790323209999993, 0.004790323209999993, 0.0048294937199999935, 0.0048294937199999935, 0.004781106669999992, 0.004781106669999992, 0.004781106669999992, 0.004781106669999992, 0.004788019109999994, 0.004788019109999994, 0.004792627419999994, 0.004792627419999994, 0.004792627419999994, 0.004781106669999992, 0.004781106669999992, 0.004781106669999992, 0.004781106669999992, 0.004781106669999992, 0.004792627419999994, 0.004792627419999994]
std = [0.0, 0.0, 0.0, 0.0, 0.0, 0.0, 0.0, 0.0, 0.0, 0.0, 0.0, 0.0, 0.0, 0.0, 0.0, 0.0, 0.0, 0.0, 0.0, 0.0, 0.0, 0.0, 0.0, 0.0, 0.0, 0.0, 0.0, 0.0, 0.0, 0.0, 0.0, 0.0, 0.0, 0.0, 0.0, 0.0, 0.0, 0.0, 0.0, 0.0, 0.0, 0.0, 0.0, 0.0, 0.0, 0.0, 0.0, 0.0, 0.0, 0.0]
