local cost:
avg = [0.006029953349999947, 0.005389401549999971, 0.005145162159999978, 0.004776498319999991, 0.004785714879999987, 0.004815668899999985, 0.004804148159999986, 0.004875576719999985, 0.004910138899999986, 0.004903226419999986, 0.004822581209999988, 0.0049470056099999845, 0.004960830439999984, 0.005076037819999984, 0.0050783419199999826, 0.005082950209999984, 0.0050806460699999835, 0.005145162179999985, 0.005140553899999985, 0.0049930887499999846, 0.004983872199999985, 0.004990784609999984, 0.005016130239999985, 0.004967743189999984, 0.004970047299999984, 0.004970047299999984, 0.005101384149999984, 0.005101384149999984, 0.005101384149999984, 0.005101384149999984, 0.005101384149999984, 0.004974655589999984, 0.004877881439999983, 0.004974655589999984, 0.004974655589999984, 0.004988480499999983, 0.004891706349999983, 0.004903227099999984, 0.004900922959999983, 0.004905531249999983, 0.004905531249999983, 0.004905531249999983, 0.004905531249999983, 0.004905531249999983, 0.004905531249999983, 0.004905531249999983, 0.004903227089999983, 0.004903227089999983, 0.004903227089999983, 0.004854840029999983]
std = [0.0, 0.0, 0.0, 0.0, 0.0, 0.0, 0.0, 0.0, 0.0, 0.0, 0.0, 0.0, 0.0, 0.0, 0.0, 0.0, 0.0, 0.0, 0.0, 0.0, 0.0, 0.0, 0.0, 0.0, 0.0, 0.0, 0.0, 0.0, 0.0, 0.0, 0.0, 0.0, 0.0, 0.0, 0.0, 0.0, 0.0, 0.0, 0.0, 0.0, 0.0, 0.0, 0.0, 0.0, 0.0, 0.0, 0.0, 0.0, 0.0, 0.0]
