global cost:
avg = [3.533114430281794, 1.7494750937462602, 1.4339094211125893, 1.1755502118302936, 1.0331461138376083, 0.8992191235246765, 0.835988400703119, 0.7340176948195227, 0.6758463474831765, 0.658804198201433, 0.6372960880187538, 0.6099659265457061, 0.5840206658404313, 0.5719830968750567, 0.5716895262322339, 0.5653301087742368, 0.5620014259787858, 0.5561823269739913, 0.5555869222032046, 0.5533205789033956, 0.5413283835042747, 0.5276643691044024, 0.5226489673750567, 0.5226489673750567, 0.5226489673750567, 0.5226489673750567, 0.5226489673750567, 0.5226489673750567, 0.5226489673750567, 0.5226489673750567, 0.5226489673750567, 0.5226489673750567, 0.5226489673750567, 0.5226489673750567, 0.5226489673750567, 0.5226489673750567, 0.5226489673750567, 0.5226489673750567, 0.5226489673750567, 0.5226489673750567, 0.5226489673750567, 0.5226489673750567, 0.5226489673750567, 0.5226489673750567, 0.5226489673750567, 0.5226489673750567, 0.5226489673750567, 0.5226489673750567, 0.5226489673750567, 0.5226489673750567]
std = [0.0, 0.0, 0.0, 0.0, 0.0, 0.0, 0.0, 0.0, 0.0, 0.0, 0.0, 0.0, 0.0, 0.0, 0.0, 0.0, 0.0, 0.0, 0.0, 0.0, 0.0, 0.0, 0.0, 0.0, 0.0, 0.0, 0.0, 0.0, 0.0, 0.0, 0.0, 0.0, 0.0, 0.0, 0.0, 0.0, 0.0, 0.0, 0.0, 0.0, 0.0, 0.0, 0.0, 0.0, 0.0, 0.0, 0.0, 0.0, 0.0, 0.0]
