local cost:
avg = [0.057034722222222285, 0.024361111111111187, 0.014659722222222265, 0.014291666666666708, 0.013729166666666707, 0.017965277777777858, 0.018527777777777865, 0.018263888888888972, 0.018263888888888965, 0.017965277777777813, 0.013263888888888924, 0.012666666666666692, 0.01266666666666669, 0.012534722222222253, 0.012534722222222253, 0.012236111111111132, 0.012368055555555582, 0.012236111111111132, 0.012236111111111132, 0.012236111111111132, 0.011937500000000016, 0.011937500000000016, 0.011937500000000016, 0.011937500000000016, 0.011937500000000016, 0.011937500000000016, 0.011937500000000016, 0.011937500000000016, 0.011937500000000016, 0.011937500000000016, 0.011937500000000016, 0.011937500000000016, 0.011937500000000016, 0.011937500000000016, 0.011937500000000016, 0.011937500000000016, 0.011937500000000016, 0.011937500000000016, 0.011937500000000016, 0.011937500000000016, 0.011937500000000016, 0.011937500000000016, 0.011937500000000016, 0.011937500000000016, 0.011937500000000016, 0.011937500000000016, 0.011937500000000016, 0.011937500000000016, 0.011937500000000016, 0.011937500000000016]
std = [0.0, 0.0, 0.0, 0.0, 0.0, 0.0, 0.0, 0.0, 0.0, 0.0, 0.0, 0.0, 0.0, 0.0, 0.0, 0.0, 0.0, 0.0, 0.0, 0.0, 0.0, 0.0, 0.0, 0.0, 0.0, 0.0, 0.0, 0.0, 0.0, 0.0, 0.0, 0.0, 0.0, 0.0, 0.0, 0.0, 0.0, 0.0, 0.0, 0.0, 0.0, 0.0, 0.0, 0.0, 0.0, 0.0, 0.0, 0.0, 0.0, 0.0]
