global cost:
avg = [9.059363098570214, 5.548250568221278, 3.220359177754419, 2.341818800762087, 2.017934526127086, 1.8020314879864083, 1.6528319836476837, 1.5630719024901902, 1.4607927374678584, 1.3584018654376202, 1.2962666293691891, 1.1709094003810436, 1.030412768450212, 0.9895838754653932, 0.9578207433951376, 0.9360467205625753, 0.9024011264248617, 0.8674515103853161, 0.8554844043983123, 0.8185339920037789, 0.8185339920037789, 0.8185339920037789, 0.8185339920037789, 0.8185339920037789, 0.8185339920037789, 0.8122769321068952, 0.7994843699109813, 0.7994843699109813, 0.7864837576396145, 0.773264601756667, 0.773264601756667, 0.773264601756667, 0.773264601756667, 0.773264601756667, 0.773264601756667, 0.773264601756667, 0.773264601756667, 0.773264601756667, 0.773264601756667, 0.773264601756667, 0.773264601756667, 0.773264601756667, 0.773264601756667, 0.773264601756667, 0.773264601756667, 0.773264601756667, 0.773264601756667, 0.773264601756667, 0.773264601756667, 0.773264601756667]
std = [0.0, 0.0, 0.0, 0.0, 0.0, 0.0, 0.0, 0.0, 0.0, 0.0, 0.0, 0.0, 0.0, 0.0, 0.0, 0.0, 0.0, 0.0, 0.0, 0.0, 0.0, 0.0, 0.0, 0.0, 0.0, 0.0, 0.0, 0.0, 0.0, 0.0, 0.0, 0.0, 0.0, 0.0, 0.0, 0.0, 0.0, 0.0, 0.0, 0.0, 0.0, 0.0, 0.0, 0.0, 0.0, 0.0, 0.0, 0.0, 0.0, 0.0]
