local cost:
avg = [0.006029953349999947, 0.005389401549999971, 0.005135945589999977, 0.004656682699999993, 0.004693548969999989, 0.004788018909999987, 0.004933180659999988, 0.004958526349999989, 0.0049746553999999886, 0.005032259159999985, 0.005073733799999985, 0.0049654384099999845, 0.005161290509999976, 0.005131336579999977, 0.0049585258199999795, 0.004951613359999981, 0.004958525809999979, 0.00496543823999998, 0.004933180139999979, 0.004949309189999978, 0.004949309189999978, 0.004949309189999978, 0.005002304539999979, 0.005002304539999979, 0.005009216979999979, 0.004956221629999979, 0.0050046086899999806, 0.0050046086899999806, 0.005011521139999981, 0.0050000003899999795, 0.0050000003899999795, 0.0050000003899999795, 0.00500691279999998, 0.00501382523999998, 0.00501382523999998, 0.00500691279999998, 0.00500691279999998, 0.00500691279999998, 0.0050184335499999806, 0.0050184335499999806, 0.0050184335499999806, 0.00500691279999998, 0.00500691279999998, 0.0050184335499999806, 0.0050184335499999806, 0.0050184335499999806, 0.0050184335499999806, 0.0050184335499999806, 0.0050184335499999806, 0.00500691279999998]
std = [0.0, 0.0, 0.0, 0.0, 0.0, 0.0, 0.0, 0.0, 0.0, 0.0, 0.0, 0.0, 0.0, 0.0, 0.0, 0.0, 0.0, 0.0, 0.0, 0.0, 0.0, 0.0, 0.0, 0.0, 0.0, 0.0, 0.0, 0.0, 0.0, 0.0, 0.0, 0.0, 0.0, 0.0, 0.0, 0.0, 0.0, 0.0, 0.0, 0.0, 0.0, 0.0, 0.0, 0.0, 0.0, 0.0, 0.0, 0.0, 0.0, 0.0]
