global cost:
avg = [9.059363098570214, 5.497852611414743, 3.178470071690736, 2.3549885277227727, 1.9476636378282166, 1.746747149670246, 1.5728337538507566, 1.4712333828243562, 1.3696232594850184, 1.284158771029122, 1.1925852696975945, 1.1212988771471397, 1.0647064532937005, 1.0252441684209312, 0.973669770186983, 0.907921517076111, 0.8731928830829386, 0.8370245760810144, 0.8120178739175263, 0.7992211651730132, 0.7862162006467929, 0.7862162006467928, 0.7862162006467928, 0.7862162006467928, 0.7595385446160163, 0.7458419698946857, 0.7458419698946857, 0.7458419698946857, 0.7318891223097623, 0.7318891223097623, 0.7318891223097623, 0.7318891223097623, 0.7318891223097623, 0.7318891223097623, 0.7318891223097623, 0.7318891223097623, 0.7318891223097623, 0.7318891223097623, 0.7318891223097623, 0.7318891223097623, 0.7318891223097623, 0.7318891223097623, 0.7318891223097623, 0.7318891223097623, 0.7318891223097623, 0.7318891223097623, 0.7318891223097623, 0.7318891223097623, 0.7318891223097623, 0.7318891223097623]
std = [0.0, 0.0, 0.0, 0.0, 0.0, 0.0, 0.0, 0.0, 0.0, 0.0, 0.0, 0.0, 0.0, 0.0, 0.0, 0.0, 0.0, 0.0, 0.0, 0.0, 0.0, 0.0, 0.0, 0.0, 0.0, 0.0, 0.0, 0.0, 0.0, 0.0, 0.0, 0.0, 0.0, 0.0, 0.0, 0.0, 0.0, 0.0, 0.0, 0.0, 0.0, 0.0, 0.0, 0.0, 0.0, 0.0, 0.0, 0.0, 0.0, 0.0]
