local cost:
avg = [0.006029953349999947, 0.005396313979999971, 0.005163595309999979, 0.004721198759999996, 0.0046843323599999945, 0.004700461359999995, 0.004647465949999998, 0.004705069599999995, 0.004647465969999996, 0.004788018559999991, 0.00470046096999999, 0.004564516549999989, 0.004578341409999991, 0.004539170919999993, 0.004513825309999992, 0.004513825309999992, 0.0045184335399999906, 0.0045184335399999906, 0.004520737649999988, 0.004541474999999988, 0.004543779139999989, 0.00453225839999999, 0.00453456253999999, 0.00453686667999999, 0.00455760402999999, 0.0045483874399999905, 0.00454147502999999, 0.00454147502999999, 0.0045645164799999905, 0.0045645164799999905, 0.0045645164799999905, 0.0045645164799999905, 0.0045645164799999905, 0.0045645164799999905, 0.0045645164799999905, 0.0045645164799999905, 0.0045645164799999905, 0.00456682061999999, 0.00454377916999999, 0.00454377916999999, 0.00454377916999999, 0.00454377916999999, 0.00454377916999999, 0.00454377916999999, 0.00456682061999999, 0.00456682061999999, 0.00456682061999999, 0.00456682061999999, 0.00456682061999999, 0.00456682061999999]
std = [0.0, 0.0, 0.0, 0.0, 0.0, 0.0, 0.0, 0.0, 0.0, 0.0, 0.0, 0.0, 0.0, 0.0, 0.0, 0.0, 0.0, 0.0, 0.0, 0.0, 0.0, 0.0, 0.0, 0.0, 0.0, 0.0, 0.0, 0.0, 0.0, 0.0, 0.0, 0.0, 0.0, 0.0, 0.0, 0.0, 0.0, 0.0, 0.0, 0.0, 0.0, 0.0, 0.0, 0.0, 0.0, 0.0, 0.0, 0.0, 0.0, 0.0]
