global cost:
avg = [9.059363098570214, 5.6129077893997, 3.2267553900395325, 2.315254619992495, 1.9922266357597451, 1.755667687828839, 1.5696535697584144, 1.4887543950037436, 1.4178166600913722, 1.3276977823361318, 1.2558719643781384, 1.1796810503698554, 1.0982169049383854, 1.0502321585189114, 0.9685242037135905, 0.9249675163890465, 0.9137539875009519, 0.8674515103853163, 0.8433475022004302, 0.8185339920037791, 0.805840765514262, 0.7929443755167073, 0.7798347427260149, 0.7665009258060418, 0.7665009258060418, 0.7665009258060416, 0.7529310144764181, 0.7529310144764181, 0.7529310144764181, 0.7529310144764181, 0.7529310144764181, 0.7529310144764181, 0.7529310144764181, 0.7529310144764181, 0.7529310144764181, 0.7529310144764181, 0.7529310144764181, 0.7529310144764181, 0.752931014476418, 0.7391120049488149, 0.7250296539855636, 0.7250296539855636, 0.7250296539855636, 0.7250296539855636, 0.7250296539855636, 0.7250296539855636, 0.7250296539855636, 0.7250296539855636, 0.7250296539855636, 0.7250296539855636]
std = [0.0, 0.0, 0.0, 0.0, 0.0, 0.0, 0.0, 0.0, 0.0, 0.0, 0.0, 0.0, 0.0, 0.0, 0.0, 0.0, 0.0, 0.0, 0.0, 0.0, 0.0, 0.0, 0.0, 0.0, 0.0, 0.0, 0.0, 0.0, 0.0, 0.0, 0.0, 0.0, 0.0, 0.0, 0.0, 0.0, 0.0, 0.0, 0.0, 0.0, 0.0, 0.0, 0.0, 0.0, 0.0, 0.0, 0.0, 0.0, 0.0, 0.0]
