local cost:
avg = [0.006029953349999947, 0.005391705689999972, 0.005149770419999978, 0.0048732724999999855, 0.004820277079999987, 0.004836405949999983, 0.004861751499999984, 0.0048686639499999846, 0.004817972749999985, 0.004746544319999985, 0.004769585899999986, 0.004654378519999985, 0.004665899249999985, 0.004652074399999986, 0.004617512169999988, 0.004603687269999989, 0.00459447065999999, 0.004741935699999988, 0.004735023289999987, 0.004760368869999985, 0.004755760529999985, 0.004857142969999986, 0.004857142969999986, 0.004854838829999985, 0.0047580646799999845, 0.004811060019999984, 0.004799539309999985, 0.004799539309999985, 0.004799539309999985, 0.004799539309999985, 0.004799539309999985, 0.004799539309999985, 0.004799539309999985, 0.004815668319999984, 0.004815668319999984, 0.004815668319999984, 0.004815668319999984, 0.004815668319999984, 0.004808755879999986, 0.004808755879999986, 0.004817972459999984, 0.004817972459999984, 0.004817972459999984, 0.004817972459999984, 0.004817972459999984, 0.004817972459999984, 0.004817972459999984, 0.004817972459999984, 0.004817972459999984, 0.004817972459999984]
std = [0.0, 0.0, 0.0, 0.0, 0.0, 0.0, 0.0, 0.0, 0.0, 0.0, 0.0, 0.0, 0.0, 0.0, 0.0, 0.0, 0.0, 0.0, 0.0, 0.0, 0.0, 0.0, 0.0, 0.0, 0.0, 0.0, 0.0, 0.0, 0.0, 0.0, 0.0, 0.0, 0.0, 0.0, 0.0, 0.0, 0.0, 0.0, 0.0, 0.0, 0.0, 0.0, 0.0, 0.0, 0.0, 0.0, 0.0, 0.0, 0.0, 0.0]
