global cost:
avg = [9.059363098570214, 5.576052610788675, 3.2171563028622163, 2.2928827209195504, 2.060825536900424, 1.7586311452816474, 1.5989687398219625, 1.450204393699438, 1.3393335779370614, 1.2681669537881881, 1.209924595077394, 1.13972324367144, 1.1029482514428428, 1.0551786871689885, 1.015346165133619, 0.9844146306046317, 0.9415932976313764, 0.9194350573815793, 0.8851582653058012, 0.8615497903412858, 0.8372758970823485, 0.8248711239545367, 0.8122769321068952, 0.7864837576396145, 0.7798347427260149, 0.7665009258060416, 0.7665009258060416, 0.7529310144764182, 0.739112004948815, 0.739112004948815, 0.739112004948815, 0.7391120049488149, 0.7391120049488149, 0.7391120049488149, 0.7391120049488149, 0.7391120049488149, 0.7391120049488149, 0.7391120049488149, 0.7391120049488149, 0.7391120049488149, 0.7391120049488149, 0.7391120049488149, 0.7391120049488149, 0.7391120049488149, 0.7391120049488149, 0.7391120049488149, 0.7391120049488149, 0.7391120049488149, 0.7391120049488149, 0.7391120049488149]
std = [0.0, 0.0, 0.0, 0.0, 0.0, 0.0, 0.0, 0.0, 0.0, 0.0, 0.0, 0.0, 0.0, 0.0, 0.0, 0.0, 0.0, 0.0, 0.0, 0.0, 0.0, 0.0, 0.0, 0.0, 0.0, 0.0, 0.0, 0.0, 0.0, 0.0, 0.0, 0.0, 0.0, 0.0, 0.0, 0.0, 0.0, 0.0, 0.0, 0.0, 0.0, 0.0, 0.0, 0.0, 0.0, 0.0, 0.0, 0.0, 0.0, 0.0]
