local cost:
avg = [0.006029953349999947, 0.005398618129999971, 0.0051451621599999785, 0.004864055949999985, 0.004937788679999979, 0.004894009879999983, 0.004910138959999983, 0.004970046799999978, 0.004981567489999978, 0.004995392339999978, 0.004926267879999979, 0.0049377886599999785, 0.004976959129999981, 0.00497695912999998, 0.00501612955999998, 0.00503456276999998, 0.005025346199999979, 0.005046083529999981, 0.005050691789999982, 0.005046083479999981, 0.005046083479999981, 0.005041475189999981, 0.005041475189999981, 0.005080645629999982, 0.0050368667899999865, 0.005029954349999987, 0.005023041939999988, 0.005023041939999988, 0.005002304639999989, 0.005002304639999989, 0.005002304639999989, 0.005002304639999989, 0.005002304639999989, 0.005002304639999989, 0.005002304639999989, 0.005002304639999989, 0.005002304639999989, 0.005002304639999989, 0.005002304639999989, 0.005002304639999989, 0.004995392199999988, 0.004995392199999988, 0.0049976963399999885, 0.0049976963399999885, 0.0049976963399999885, 0.0049976963399999885, 0.0049976963399999885, 0.0049976963399999885, 0.0049976963399999885, 0.0049976963399999885]
std = [0.0, 0.0, 0.0, 0.0, 0.0, 0.0, 0.0, 0.0, 0.0, 0.0, 0.0, 0.0, 0.0, 0.0, 0.0, 0.0, 0.0, 0.0, 0.0, 0.0, 0.0, 0.0, 0.0, 0.0, 0.0, 0.0, 0.0, 0.0, 0.0, 0.0, 0.0, 0.0, 0.0, 0.0, 0.0, 0.0, 0.0, 0.0, 0.0, 0.0, 0.0, 0.0, 0.0, 0.0, 0.0, 0.0, 0.0, 0.0, 0.0, 0.0]
