global cost:
avg = [9.059363098570214, 5.499727438113723, 3.2426907238671916, 2.4325100177233456, 2.065821979320085, 1.7379624161595584, 1.6276914140477035, 1.5126926346561562, 1.4213366138355763, 1.3001157112399986, 1.1925852696975945, 1.0838989552016889, 1.0252441684209315, 0.9736697701869831, 0.94136982704614, 0.907921517076111, 0.884920543194543, 0.8492518458411689, 0.8120178739175264, 0.7862162006467929, 0.7595385446160161, 0.7318891223097622, 0.7031533075747368, 0.7031533075747366, 0.7031533075747366, 0.7031533075747366, 0.7031533075747366, 0.7031533075747366, 0.7031533075747366, 0.7031533075747366, 0.6883356864584761, 0.688335686458476, 0.688335686458476, 0.688335686458476, 0.688335686458476, 0.688335686458476, 0.688335686458476, 0.688335686458476, 0.688335686458476, 0.688335686458476, 0.688335686458476, 0.688335686458476, 0.688335686458476, 0.688335686458476, 0.688335686458476, 0.688335686458476, 0.688335686458476, 0.688335686458476, 0.688335686458476, 0.688335686458476]
std = [0.0, 0.0, 0.0, 0.0, 0.0, 0.0, 0.0, 0.0, 0.0, 0.0, 0.0, 0.0, 0.0, 0.0, 0.0, 0.0, 0.0, 0.0, 0.0, 0.0, 0.0, 0.0, 0.0, 0.0, 0.0, 0.0, 0.0, 0.0, 0.0, 0.0, 0.0, 0.0, 0.0, 0.0, 0.0, 0.0, 0.0, 0.0, 0.0, 0.0, 0.0, 0.0, 0.0, 0.0, 0.0, 0.0, 0.0, 0.0, 0.0, 0.0]
