local cost:
avg = [0.006029953349999947, 0.005435484439999964, 0.0051889409099999785, 0.0048133646299999885, 0.0047281111199999875, 0.004700461269999988, 0.004684332239999989, 0.004665899099999988, 0.004640553459999989, 0.004635945149999991, 0.004536866859999995, 0.004476959019999998, 0.004467742429999999, 0.0045207377199999975, 0.0045368667299999985, 0.00450230453, 0.00435944768, 0.004396314039999996, 0.004458526049999994, 0.004391705749999997, 0.004391705759999996, 0.004442396969999997, 0.004451613549999997, 0.004447005259999998, 0.004447005259999998, 0.004449309399999998, 0.004449309399999998, 0.004449309399999998, 0.004449309399999998, 0.004449309399999998, 0.004451613539999998, 0.004449309399999999, 0.004449309399999999, 0.004449309399999999, 0.004449309399999999, 0.004449309399999999, 0.004472350849999999, 0.004472350849999999, 0.004472350849999999, 0.004419355499999998, 0.004419355499999998, 0.004419355499999998, 0.004419355499999998, 0.004419355499999998, 0.004410138889999998, 0.004410138889999998, 0.004410138889999998, 0.004437788699999998, 0.004437788699999998, 0.004437788699999998]
std = [0.0, 0.0, 0.0, 0.0, 0.0, 0.0, 0.0, 0.0, 0.0, 0.0, 0.0, 0.0, 0.0, 0.0, 0.0, 0.0, 0.0, 0.0, 0.0, 0.0, 0.0, 0.0, 0.0, 0.0, 0.0, 0.0, 0.0, 0.0, 0.0, 0.0, 0.0, 0.0, 0.0, 0.0, 0.0, 0.0, 0.0, 0.0, 0.0, 0.0, 0.0, 0.0, 0.0, 0.0, 0.0, 0.0, 0.0, 0.0, 0.0, 0.0]
