global cost:
avg = [9.059363098570214, 5.598194833934916, 3.2680256400864693, 2.398365387658057, 2.0230369023912487, 1.7320204396259702, 1.6213453619335956, 1.502540103306739, 1.3584018654376204, 1.280261715827704, 1.2141340977856807, 1.1075644121194388, 1.0403696603064998, 0.9895838754653934, 0.9249675163890466, 0.8792557532201863, 0.8433475022004299, 0.8185339920037787, 0.7929443755167069, 0.7665009258060413, 0.7665009258060413, 0.7665009258060413, 0.7529310144764179, 0.7529310144764177, 0.7391120049488147, 0.7391120049488147, 0.7250296539855635, 0.7106683069177877, 0.6960106937083397, 0.6960106937083395, 0.6960106937083395, 0.6810376854883533, 0.6810376854883533, 0.6810376854883533, 0.6810376854883533, 0.6810376854883533, 0.6657280017802334, 0.650057855619999, 0.650057855619999, 0.6500578556199988, 0.6500578556199988, 0.6500578556199988, 0.6500578556199988, 0.6500578556199988, 0.6500578556199988, 0.6500578556199988, 0.6500578556199988, 0.6500578556199988, 0.6500578556199988, 0.6500578556199988]
std = [0.0, 0.0, 0.0, 0.0, 0.0, 0.0, 0.0, 0.0, 0.0, 0.0, 0.0, 0.0, 0.0, 0.0, 0.0, 0.0, 0.0, 0.0, 0.0, 0.0, 0.0, 0.0, 0.0, 0.0, 0.0, 0.0, 0.0, 0.0, 0.0, 0.0, 0.0, 0.0, 0.0, 0.0, 0.0, 0.0, 0.0, 0.0, 0.0, 0.0, 0.0, 0.0, 0.0, 0.0, 0.0, 0.0, 0.0, 0.0, 0.0, 0.0]
