local cost:
avg = [0.006029953349999947, 0.005396313979999971, 0.005140553869999977, 0.005152073979999977, 0.00512212001999998, 0.005154378059999978, 0.005154378079999979, 0.005170507109999978, 0.005200460949999979, 0.005156682069999981, 0.0051543779199999815, 0.0051382489199999805, 0.00511520742999998, 0.005080645159999981, 0.005080645159999982, 0.005027649769999982, 0.004981566799999983, 0.004967741929999984, 0.004831797499999985, 0.0048433182299999844, 0.0048433182299999844, 0.0048433182299999844, 0.004836405789999986, 0.004753456569999982, 0.004552996159999995, 0.004552996159999995, 0.004523042299999995, 0.004523042299999995, 0.0045322588799999956, 0.004536867169999994, 0.004536867169999994, 0.004548387859999996, 0.004548387859999996, 0.004548387859999996, 0.004548387859999996, 0.004548387859999996, 0.0045023049599999965, 0.0045023049599999965, 0.004504609099999997, 0.004500000809999996, 0.004500000809999996, 0.004500000809999996, 0.004500000809999996, 0.0045023049499999974, 0.004504609089999998, 0.004504609089999998, 0.004504609089999998, 0.004504609089999998, 0.004504609089999998, 0.004504609089999998]
std = [0.0, 0.0, 0.0, 0.0, 0.0, 0.0, 0.0, 0.0, 0.0, 0.0, 0.0, 0.0, 0.0, 0.0, 0.0, 0.0, 0.0, 0.0, 0.0, 0.0, 0.0, 0.0, 0.0, 0.0, 0.0, 0.0, 0.0, 0.0, 0.0, 0.0, 0.0, 0.0, 0.0, 0.0, 0.0, 0.0, 0.0, 0.0, 0.0, 0.0, 0.0, 0.0, 0.0, 0.0, 0.0, 0.0, 0.0, 0.0, 0.0, 0.0]
