global cost:
avg = [2.9409827166041995, 1.9397890094596073, 1.4572959000169408, 1.218415398160343, 1.0453628581285253, 0.9632419486019034, 0.8734337971123766, 0.7321765321469981, 0.703452458112659, 0.6421612990679355, 0.6092076990801715, 0.6092076990801715, 0.6092076990801715, 0.6092076990801715, 0.6092076990801715, 0.6092076990801715, 0.6092076990801715, 0.6092076990801715, 0.6092076990801715, 0.6092076990801715, 0.6092076990801715, 0.6092076990801715, 0.6092076990801715, 0.6092076990801715, 0.6092076990801715, 0.6092076990801715, 0.6092076990801715, 0.6092076990801715, 0.6092076990801715, 0.6092076990801715, 0.6092076990801715, 0.6092076990801715, 0.6092076990801715, 0.6092076990801715, 0.6092076990801715, 0.6092076990801715, 0.6092076990801715, 0.6092076990801715, 0.6092076990801715, 0.6092076990801715, 0.6092076990801715, 0.6092076990801715, 0.6092076990801715, 0.6092076990801715, 0.6092076990801715, 0.6092076990801715, 0.6092076990801715, 0.6092076990801715, 0.6092076990801715, 0.6092076990801715]
std = [0.0, 0.0, 0.0, 0.0, 0.0, 0.0, 0.0, 0.0, 0.0, 0.0, 0.0, 0.0, 0.0, 0.0, 0.0, 0.0, 0.0, 0.0, 0.0, 0.0, 0.0, 0.0, 0.0, 0.0, 0.0, 0.0, 0.0, 0.0, 0.0, 0.0, 0.0, 0.0, 0.0, 0.0, 0.0, 0.0, 0.0, 0.0, 0.0, 0.0, 0.0, 0.0, 0.0, 0.0, 0.0, 0.0, 0.0, 0.0, 0.0, 0.0]
