local cost:
avg = [0.006474654249999984, 0.006831797599999991, 0.006751152599999989, 0.007926268349999998, 0.00793778895, 0.0077764984999999995, 0.007546083699999996, 0.007672812150000001, 0.007672812150000001, 0.007764978000000002, 0.007523042750000003, 0.007523042750000003, 0.007523042750000003, 0.007523042750000003, 0.007523042750000003, 0.007523042750000003, 0.007523042750000003, 0.007523042750000003, 0.007523042750000003, 0.007523042750000003, 0.007523042750000003, 0.007523042750000003, 0.007304149000000005, 0.007304149000000005, 0.007304149000000005, 0.007304149000000005, 0.007304149000000005, 0.007304149000000005, 0.007304149000000005, 0.007304149000000005, 0.007304149000000005, 0.007304149000000005, 0.007304149000000005, 0.007304149000000005, 0.007304149000000005, 0.007304149000000005, 0.007304149000000005, 0.007304149000000005, 0.007304149000000005, 0.007304149000000005, 0.007304149000000005, 0.007304149000000005, 0.007304149000000005, 0.007304149000000005, 0.007304149000000005, 0.007304149000000005, 0.007304149000000005, 0.007304149000000005, 0.007304149000000005, 0.007304149000000005]
std = [0.0, 0.0, 0.0, 0.0, 0.0, 0.0, 0.0, 0.0, 0.0, 0.0, 0.0, 0.0, 0.0, 0.0, 0.0, 0.0, 0.0, 0.0, 0.0, 0.0, 0.0, 0.0, 0.0, 0.0, 0.0, 0.0, 0.0, 0.0, 0.0, 0.0, 0.0, 0.0, 0.0, 0.0, 0.0, 0.0, 0.0, 0.0, 0.0, 0.0, 0.0, 0.0, 0.0, 0.0, 0.0, 0.0, 0.0, 0.0, 0.0, 0.0]
