global cost:
avg = [9.059363098570214, 5.581596401423727, 3.2426907238671916, 2.350606817186754, 1.9791677509307868, 1.7760119336272162, 1.6307584209690718, 1.4357697876859103, 1.3001157112399984, 1.2011986439389262, 1.1027574794529278, 1.03525077231662, 0.9578207433951376, 0.9249675163890464, 0.9137539875009519, 0.89090360661063, 0.8792557532201863, 0.8674515103853161, 0.8554844043983124, 0.8433475022004301, 0.8310333644124485, 0.818533992003779, 0.805840765514262, 0.7929443755167073, 0.7929443755167072, 0.7929443755167072, 0.7929443755167072, 0.7929443755167072, 0.7929443755167072, 0.7929443755167072, 0.7929443755167072, 0.7929443755167072, 0.7929443755167072, 0.7929443755167072, 0.7929443755167072, 0.7929443755167072, 0.7798347427260149, 0.7798347427260148, 0.7798347427260148, 0.7798347427260148, 0.7798347427260148, 0.7798347427260148, 0.7798347427260148, 0.7798347427260148, 0.7798347427260148, 0.7798347427260148, 0.7798347427260148, 0.7798347427260148, 0.7798347427260148, 0.7798347427260148]
std = [0.0, 0.0, 0.0, 0.0, 0.0, 0.0, 0.0, 0.0, 0.0, 0.0, 0.0, 0.0, 0.0, 0.0, 0.0, 0.0, 0.0, 0.0, 0.0, 0.0, 0.0, 0.0, 0.0, 0.0, 0.0, 0.0, 0.0, 0.0, 0.0, 0.0, 0.0, 0.0, 0.0, 0.0, 0.0, 0.0, 0.0, 0.0, 0.0, 0.0, 0.0, 0.0, 0.0, 0.0, 0.0, 0.0, 0.0, 0.0, 0.0, 0.0]
