local cost:
avg = [0.006029953349999947, 0.005389401549999971, 0.005145162159999978, 0.00479262730999999, 0.0047534568199999894, 0.00477880241999999, 0.004714286289999991, 0.0046221204099999936, 0.004619816289999994, 0.004615207979999993, 0.004640553549999994, 0.004633641159999992, 0.004642857769999992, 0.004631337039999991, 0.004596774809999992, 0.004603687299999991, 0.004612903809999991, 0.004654378409999989, 0.004652074269999989, 0.004640553519999989, 0.004640553519999989, 0.004640553519999989, 0.004652074209999989, 0.00475345664999999, 0.00475345664999999, 0.00475345664999999, 0.00475345664999999, 0.00475345664999999, 0.00475345664999999, 0.00475345664999999, 0.00475345664999999, 0.00475345664999999, 0.00475345664999999, 0.00475345664999999, 0.00475345664999999, 0.00475345664999999, 0.004751152509999989, 0.004721198599999993, 0.004721198599999993, 0.004624424449999992, 0.004617512009999992, 0.004617512009999992, 0.004617512009999992, 0.004617512009999992, 0.004617512009999992, 0.004617512009999992, 0.004617512009999992, 0.004617512009999992, 0.004617512009999992, 0.004617512009999992]
std = [0.0, 0.0, 0.0, 0.0, 0.0, 0.0, 0.0, 0.0, 0.0, 0.0, 0.0, 0.0, 0.0, 0.0, 0.0, 0.0, 0.0, 0.0, 0.0, 0.0, 0.0, 0.0, 0.0, 0.0, 0.0, 0.0, 0.0, 0.0, 0.0, 0.0, 0.0, 0.0, 0.0, 0.0, 0.0, 0.0, 0.0, 0.0, 0.0, 0.0, 0.0, 0.0, 0.0, 0.0, 0.0, 0.0, 0.0, 0.0, 0.0, 0.0]
