global cost:
avg = [9.059363098570214, 5.5668006911311325, 3.191417588382604, 2.328574590924604, 1.992226635759745, 1.7320204396259697, 1.5762077546301962, 1.4748398337585342, 1.3809820049977113, 1.3199101653215841, 1.2558719643781384, 1.1796810503698556, 1.1441910477702586, 1.0982169049383856, 1.0304127684502122, 1.0102046129290683, 0.9685242037135908, 0.9249675163890465, 0.8909036066106301, 0.8674515103853161, 0.8433475022004301, 0.818533992003779, 0.805840765514262, 0.7929443755167073, 0.7929443755167073, 0.792944375516707, 0.792944375516707, 0.7798347427260149, 0.7798347427260148, 0.7665009258060415, 0.7391120049488149, 0.7391120049488149, 0.7391120049488149, 0.7250296539855636, 0.7250296539855636, 0.7250296539855636, 0.7250296539855636, 0.7250296539855636, 0.7250296539855636, 0.7250296539855636, 0.7250296539855636, 0.7250296539855636, 0.7250296539855636, 0.7250296539855636, 0.7250296539855636, 0.7250296539855636, 0.7250296539855636, 0.7250296539855636, 0.7250296539855636, 0.7250296539855636]
std = [0.0, 0.0, 0.0, 0.0, 0.0, 0.0, 0.0, 0.0, 0.0, 0.0, 0.0, 0.0, 0.0, 0.0, 0.0, 0.0, 0.0, 0.0, 0.0, 0.0, 0.0, 0.0, 0.0, 0.0, 0.0, 0.0, 0.0, 0.0, 0.0, 0.0, 0.0, 0.0, 0.0, 0.0, 0.0, 0.0, 0.0, 0.0, 0.0, 0.0, 0.0, 0.0, 0.0, 0.0, 0.0, 0.0, 0.0, 0.0, 0.0, 0.0]
