local cost:
avg = [0.006029953349999947, 0.005389401549999971, 0.005145162169999978, 0.004852535199999985, 0.004815668769999987, 0.004903226349999984, 0.004771890019999987, 0.004785714879999985, 0.004767281709999988, 0.004748848549999989, 0.004751152639999995, 0.004748848499999994, 0.004741936009999994, 0.004746544329999993, 0.004725807059999995, 0.004744240249999995, 0.004804148059999999, 0.0047142863899999965, 0.0046774199799999965, 0.004672811689999997, 0.004663595139999997, 0.004658986949999997, 0.004642857889999997, 0.004642857889999997, 0.004645162029999997, 0.004647466179999997, 0.004649770319999997, 0.0046428578799999985, 0.004638249579999999, 0.004638249589999997, 0.004645162089999996, 0.004594470839999996, 0.004594470839999996, 0.004594470839999996, 0.004594470839999996, 0.004594470839999996, 0.004594470839999996, 0.004594470839999996, 0.004594470839999996, 0.004594470839999996, 0.004594470839999996, 0.004594470839999996, 0.004594470839999996, 0.004594470839999996, 0.004594470839999996, 0.004594470839999996, 0.004592166699999995, 0.004592166699999995, 0.004592166699999995, 0.004592166699999995]
std = [0.0, 0.0, 0.0, 0.0, 0.0, 0.0, 0.0, 0.0, 0.0, 0.0, 0.0, 0.0, 0.0, 0.0, 0.0, 0.0, 0.0, 0.0, 0.0, 0.0, 0.0, 0.0, 0.0, 0.0, 0.0, 0.0, 0.0, 0.0, 0.0, 0.0, 0.0, 0.0, 0.0, 0.0, 0.0, 0.0, 0.0, 0.0, 0.0, 0.0, 0.0, 0.0, 0.0, 0.0, 0.0, 0.0, 0.0, 0.0, 0.0, 0.0]
