global cost:
avg = [9.059363098570214, 5.391821970501454, 3.201093858908378, 2.359362100739711, 1.8499350327780935, 1.6244243506117826, 1.533001851612084, 1.4500593079711277, 1.3696232594850184, 1.3080211845815488, 1.235051581515865, 1.148549886593756, 1.0933688772725991, 1.0352507723166202, 1.0049320830180841, 0.9736697701869832, 0.9522582149679314, 0.9249675163890465, 0.9024011264248616, 0.8674515103853161, 0.8554844043983124, 0.8433475022004301, 0.8310333644124486, 0.8058407655142621, 0.805840765514262, 0.7798347427260149, 0.7665009258060416, 0.7665009258060416, 0.7665009258060416, 0.7665009258060416, 0.7665009258060416, 0.7665009258060416, 0.7665009258060416, 0.7665009258060416, 0.7665009258060416, 0.7665009258060416, 0.7665009258060416, 0.7665009258060416, 0.7665009258060416, 0.7665009258060416, 0.7665009258060416, 0.7665009258060416, 0.7665009258060416, 0.7665009258060416, 0.7665009258060416, 0.7665009258060416, 0.7665009258060416, 0.7665009258060416, 0.7665009258060416, 0.7665009258060416]
std = [0.0, 0.0, 0.0, 0.0, 0.0, 0.0, 0.0, 0.0, 0.0, 0.0, 0.0, 0.0, 0.0, 0.0, 0.0, 0.0, 0.0, 0.0, 0.0, 0.0, 0.0, 0.0, 0.0, 0.0, 0.0, 0.0, 0.0, 0.0, 0.0, 0.0, 0.0, 0.0, 0.0, 0.0, 0.0, 0.0, 0.0, 0.0, 0.0, 0.0, 0.0, 0.0, 0.0, 0.0, 0.0, 0.0, 0.0, 0.0, 0.0, 0.0]
