local cost:
avg = [0.006029953349999947, 0.0053940098299999715, 0.005138249729999977, 0.004792627359999988, 0.004682028209999988, 0.00473732770999999, 0.004700461409999993, 0.0046981572399999935, 0.0047004613599999955, 0.004700461349999995, 0.004776498179999996, 0.004774194029999996, 0.004760369079999996, 0.004737327629999996, 0.004758064979999995, 0.004751152509999996, 0.0047580649199999965, 0.004751152489999996, 0.004755760809999996, 0.004723502769999996, 0.004748848369999996, 0.004748848369999996, 0.004751152509999995, 0.004778802259999996, 0.004781106409999995, 0.004774193969999996, 0.004764977369999995, 0.004764977369999995, 0.004764977369999995, 0.004764977369999995, 0.004764977369999995, 0.004764977369999995, 0.004764977369999995, 0.004764977369999995, 0.004764977369999995, 0.004764977369999995, 0.004764977369999995, 0.0047718898099999955, 0.0047718898099999955, 0.004764977369999995, 0.004764977369999995, 0.004764977369999995, 0.0047718898099999955, 0.0047741939499999966, 0.0047741939499999966, 0.0047741939499999966, 0.0047741939499999966, 0.0047741939499999966, 0.0047741939499999966, 0.0047741939499999966]
std = [0.0, 0.0, 0.0, 0.0, 0.0, 0.0, 0.0, 0.0, 0.0, 0.0, 0.0, 0.0, 0.0, 0.0, 0.0, 0.0, 0.0, 0.0, 0.0, 0.0, 0.0, 0.0, 0.0, 0.0, 0.0, 0.0, 0.0, 0.0, 0.0, 0.0, 0.0, 0.0, 0.0, 0.0, 0.0, 0.0, 0.0, 0.0, 0.0, 0.0, 0.0, 0.0, 0.0, 0.0, 0.0, 0.0, 0.0, 0.0, 0.0, 0.0]
