global cost:
avg = [9.059363098570214, 5.596352994763156, 3.223558870324559, 2.3940630685124296, 2.043318999872732, 1.7731961820930457, 1.6276914140477035, 1.5297388629596718, 1.4394650922254928, 1.3584018654376202, 1.272183754146022, 1.1970315342562152, 1.126026660606018, 1.0403696603065, 0.9999474002577028, 0.9578207433951377, 0.9249675163890467, 0.8909036066106301, 0.8792557532201863, 0.8674515103853161, 0.8554844043983124, 0.8310333644124485, 0.818533992003779, 0.8058407655142618, 0.792944375516707, 0.7798347427260147, 0.75981549578096, 0.717958158617738, 0.717958158617738, 0.717958158617738, 0.717958158617738, 0.717958158617738, 0.717958158617738, 0.717958158617738, 0.717958158617738, 0.717958158617738, 0.717958158617738, 0.717958158617738, 0.717958158617738, 0.703452458112659, 0.703452458112659, 0.703452458112659, 0.6886412739037004, 0.6886412739037004, 0.6886412739037004, 0.6886412739037004, 0.6886412739037004, 0.6886412739037004, 0.6886412739037004, 0.6886412739037004]
std = [0.0, 0.0, 0.0, 0.0, 0.0, 0.0, 0.0, 0.0, 0.0, 0.0, 0.0, 0.0, 0.0, 0.0, 0.0, 0.0, 0.0, 0.0, 0.0, 0.0, 0.0, 0.0, 0.0, 0.0, 0.0, 0.0, 0.0, 0.0, 0.0, 0.0, 0.0, 0.0, 0.0, 0.0, 0.0, 0.0, 0.0, 0.0, 0.0, 0.0, 0.0, 0.0, 0.0, 0.0, 0.0, 0.0, 0.0, 0.0, 0.0, 0.0]
