local cost:
avg = [0.006029953349999947, 0.005407834679999969, 0.005147466299999978, 0.004728111209999989, 0.0046682033399999935, 0.004691244709999991, 0.004672811499999991, 0.004675115639999991, 0.004658986599999993, 0.004714286089999988, 0.004705069509999988, 0.004728111019999989, 0.0046912446199999895, 0.004686636329999989, 0.004675115649999991, 0.00468663634999999, 0.00469124463999999, 0.00470737367999999, 0.00470737367999999, 0.00470737367999999, 0.004658986579999989, 0.004691244679999989, 0.004693548819999989, 0.0047142861799999896, 0.004652074239999993, 0.004622120299999997, 0.004622120299999997, 0.004619816159999996, 0.004619816159999996, 0.004619816159999996, 0.004619816159999996, 0.004619816159999996, 0.004619816159999996, 0.004619816159999996, 0.004619816159999996, 0.004626728599999996, 0.004619816159999996, 0.004619816159999996, 0.004603687109999997, 0.004589862229999998, 0.004589862229999998, 0.004589862229999998, 0.004582949789999999, 0.004573733179999999, 0.004573733179999999, 0.004585253930000001, 0.004585253930000001, 0.004585253930000001, 0.004585253930000001, 0.004585253930000001]
std = [0.0, 0.0, 0.0, 0.0, 0.0, 0.0, 0.0, 0.0, 0.0, 0.0, 0.0, 0.0, 0.0, 0.0, 0.0, 0.0, 0.0, 0.0, 0.0, 0.0, 0.0, 0.0, 0.0, 0.0, 0.0, 0.0, 0.0, 0.0, 0.0, 0.0, 0.0, 0.0, 0.0, 0.0, 0.0, 0.0, 0.0, 0.0, 0.0, 0.0, 0.0, 0.0, 0.0, 0.0, 0.0, 0.0, 0.0, 0.0, 0.0, 0.0]
